confidence_score,ptm,iptm,ligand_iptm,protein_iptm,complex_plddt,complex_iplddt,complex_pde,complex_ipde,chains_ptm_0,chains_ptm_1,pair_chains_iptm_0_0,pair_chains_iptm_0_1,pair_chains_iptm_1_0,pair_chains_iptm_1_1,ligand_id,gene_id,yaml
0.676,0.802,0.349,0.349,0.000,0.758,0.435,1.846,8.466,0.855,0.700,0.855,0.113,0.349,0.700,10,CCR9,CCR9_10
0.659,0.821,0.225,0.225,0.000,0.767,0.390,1.868,13.222,0.866,0.808,0.866,0.085,0.225,0.808,11,CCR9,CCR9_11
0.766,0.865,0.645,0.645,0.000,0.797,0.583,0.869,3.680,0.879,0.863,0.879,0.186,0.645,0.863,122,CCR9,CCR9_122
0.834,0.885,0.826,0.826,0.000,0.836,0.754,0.758,2.212,0.888,0.930,0.888,0.242,0.826,0.930,138,CCR9,CCR9_138
0.732,0.833,0.594,0.594,0.000,0.767,0.554,1.294,5.299,0.862,0.732,0.862,0.183,0.594,0.732,148,CCR9,CCR9_148
0.680,0.798,0.401,0.401,0.000,0.749,0.472,1.645,7.505,0.845,0.763,0.845,0.120,0.401,0.763,153,CCR9,CCR9_153
0.721,0.833,0.526,0.526,0.000,0.770,0.558,1.131,4.872,0.865,0.659,0.865,0.136,0.526,0.659,161,CCR9,CCR9_161
0.719,0.842,0.421,0.421,0.000,0.793,0.485,1.291,7.454,0.869,0.863,0.869,0.111,0.421,0.863,162,CCR9,CCR9_162
0.717,0.812,0.513,0.513,0.000,0.768,0.515,1.416,5.932,0.845,0.766,0.845,0.141,0.513,0.766,166,CCR9,CCR9_166
0.772,0.856,0.678,0.678,0.000,0.796,0.622,0.900,3.064,0.868,0.882,0.868,0.221,0.678,0.882,173,CCR9,CCR9_173
0.767,0.819,0.729,0.729,0.000,0.777,0.644,0.978,3.301,0.831,0.806,0.831,0.282,0.729,0.806,179,CCR9,CCR9_179
0.720,0.832,0.493,0.493,0.000,0.777,0.498,1.209,5.676,0.860,0.783,0.860,0.127,0.493,0.783,185,CCR9,CCR9_185
0.795,0.862,0.801,0.801,0.000,0.794,0.692,0.881,2.692,0.873,0.733,0.873,0.379,0.801,0.733,187,CCR9,CCR9_187
0.831,0.887,0.916,0.916,0.000,0.810,0.781,0.703,1.456,0.887,0.851,0.887,0.567,0.916,0.851,206,CCR9,CCR9_206
0.710,0.829,0.477,0.477,0.000,0.768,0.467,1.516,7.497,0.864,0.836,0.864,0.156,0.477,0.836,209,CCR9,CCR9_209
0.734,0.831,0.551,0.551,0.000,0.779,0.546,1.269,5.703,0.857,0.642,0.857,0.155,0.551,0.642,231,CCR9,CCR9_231
0.736,0.833,0.657,0.657,0.000,0.755,0.587,1.044,3.497,0.859,0.721,0.859,0.210,0.657,0.721,233,CCR9,CCR9_233
0.653,0.811,0.257,0.257,0.000,0.752,0.366,2.151,12.006,0.865,0.742,0.865,0.101,0.257,0.742,24,CCR9,CCR9_24
0.780,0.845,0.799,0.799,0.000,0.775,0.671,0.859,2.610,0.855,0.823,0.855,0.374,0.799,0.823,242,CCR9,CCR9_242
0.734,0.853,0.555,0.555,0.000,0.779,0.545,1.202,6.340,0.879,0.844,0.879,0.150,0.555,0.844,253,CCR9,CCR9_253
0.713,0.840,0.464,0.464,0.000,0.776,0.486,1.416,6.952,0.873,0.747,0.873,0.114,0.464,0.747,276,CCR9,CCR9_276
0.746,0.827,0.682,0.682,0.000,0.762,0.598,0.990,3.241,0.845,0.782,0.845,0.195,0.682,0.782,277,CCR9,CCR9_277
0.709,0.806,0.607,0.607,0.000,0.735,0.510,1.301,4.752,0.859,0.636,0.859,0.239,0.607,0.636,283,CCR9,CCR9_283
0.731,0.854,0.512,0.512,0.000,0.786,0.538,1.363,8.055,0.885,0.741,0.885,0.144,0.512,0.741,302,CCR9,CCR9_302
0.744,0.832,0.604,0.604,0.000,0.779,0.567,1.154,4.523,0.850,0.802,0.850,0.160,0.604,0.802,309,CCR9,CCR9_309
0.711,0.828,0.506,0.506,0.000,0.762,0.486,1.290,5.631,0.863,0.684,0.863,0.123,0.506,0.684,311,CCR9,CCR9_311
0.749,0.842,0.627,0.627,0.000,0.780,0.575,0.937,3.798,0.863,0.761,0.863,0.159,0.627,0.761,331,CCR9,CCR9_331
0.817,0.877,0.850,0.850,0.000,0.808,0.758,0.708,2.197,0.882,0.862,0.882,0.503,0.850,0.862,359,CCR9,CCR9_359
0.824,0.872,0.892,0.892,0.000,0.807,0.755,0.697,1.458,0.872,0.875,0.872,0.430,0.892,0.875,37,CCR9,CCR9_37
0.756,0.865,0.555,0.555,0.000,0.806,0.524,1.133,5.332,0.885,0.884,0.885,0.148,0.555,0.884,38,CCR9,CCR9_38
0.721,0.830,0.530,0.530,0.000,0.768,0.501,1.249,5.844,0.861,0.789,0.861,0.138,0.530,0.789,389,CCR9,CCR9_389
0.647,0.796,0.236,0.236,0.000,0.750,0.343,2.100,11.507,0.848,0.667,0.848,0.092,0.236,0.667,390,CCR9,CCR9_390
0.770,0.851,0.651,0.651,0.000,0.800,0.622,1.028,3.895,0.865,0.859,0.865,0.185,0.651,0.859,4,CCR9,CCR9_4
0.782,0.861,0.682,0.682,0.000,0.806,0.638,1.018,3.871,0.878,0.748,0.878,0.215,0.682,0.748,446,CCR9,CCR9_446
0.717,0.826,0.527,0.527,0.000,0.765,0.511,1.194,4.572,0.861,0.757,0.861,0.142,0.527,0.757,448,CCR9,CCR9_448
0.741,0.833,0.684,0.684,0.000,0.755,0.553,1.254,4.521,0.857,0.713,0.857,0.265,0.684,0.713,469,CCR9,CCR9_469
0.781,0.854,0.675,0.675,0.000,0.808,0.621,0.937,3.451,0.869,0.837,0.869,0.255,0.675,0.837,484,CCR9,CCR9_484
0.731,0.837,0.504,0.504,0.000,0.788,0.529,1.493,7.301,0.873,0.616,0.873,0.144,0.504,0.616,485,CCR9,CCR9_485
0.725,0.823,0.616,0.616,0.000,0.753,0.537,1.129,3.627,0.856,0.677,0.856,0.157,0.616,0.677,487,CCR9,CCR9_487
0.699,0.825,0.425,0.425,0.000,0.767,0.464,1.470,6.995,0.863,0.778,0.863,0.112,0.425,0.778,49,CCR9,CCR9_49
0.692,0.826,0.417,0.417,0.000,0.761,0.418,1.549,8.225,0.867,0.807,0.867,0.120,0.417,0.807,5,CCR9,CCR9_5
0.692,0.814,0.455,0.455,0.000,0.752,0.452,1.454,6.332,0.862,0.768,0.862,0.126,0.455,0.768,517,CCR9,CCR9_517
0.640,0.791,0.236,0.236,0.000,0.741,0.351,2.341,12.683,0.859,0.676,0.859,0.098,0.236,0.676,526,CCR9,CCR9_526
0.736,0.849,0.565,0.565,0.000,0.779,0.543,1.176,5.721,0.877,0.717,0.877,0.153,0.565,0.717,53,CCR9,CCR9_53
0.716,0.822,0.506,0.506,0.000,0.769,0.508,1.423,5.317,0.867,0.656,0.867,0.160,0.506,0.656,551,CCR9,CCR9_551
0.708,0.836,0.421,0.421,0.000,0.780,0.484,1.266,7.022,0.866,0.841,0.866,0.104,0.421,0.841,583,CCR9,CCR9_583
0.824,0.881,0.799,0.799,0.000,0.830,0.731,0.813,2.412,0.888,0.844,0.888,0.276,0.799,0.844,596,CCR9,CCR9_596
0.817,0.866,0.846,0.846,0.000,0.810,0.755,0.690,1.652,0.869,0.776,0.869,0.278,0.846,0.776,599,CCR9,CCR9_599
0.706,0.831,0.469,0.469,0.000,0.765,0.485,1.267,6.671,0.865,0.767,0.865,0.119,0.469,0.767,611,CCR9,CCR9_611
0.739,0.848,0.561,0.561,0.000,0.784,0.537,1.034,4.407,0.872,0.779,0.872,0.132,0.561,0.779,614,CCR9,CCR9_614
0.818,0.869,0.815,0.815,0.000,0.819,0.699,0.721,1.945,0.877,0.751,0.877,0.443,0.815,0.751,618,CCR9,CCR9_618
0.751,0.845,0.616,0.616,0.000,0.785,0.616,0.998,4.244,0.867,0.740,0.867,0.167,0.616,0.740,622,CCR9,CCR9_622
0.690,0.817,0.438,0.438,0.000,0.753,0.448,1.681,7.635,0.866,0.722,0.866,0.129,0.438,0.722,626,CCR9,CCR9_626
0.730,0.851,0.508,0.508,0.000,0.786,0.483,1.139,5.371,0.875,0.765,0.875,0.122,0.508,0.765,627,CCR9,CCR9_627
0.772,0.873,0.651,0.651,0.000,0.802,0.608,0.937,4.923,0.886,0.839,0.886,0.190,0.651,0.839,629,CCR9,CCR9_629
0.670,0.800,0.379,0.379,0.000,0.743,0.395,1.793,8.625,0.862,0.743,0.862,0.111,0.379,0.743,647,CCR9,CCR9_647
0.713,0.847,0.469,0.469,0.000,0.774,0.502,1.733,9.289,0.891,0.726,0.891,0.201,0.469,0.726,65,CCR9,CCR9_65
0.652,0.818,0.285,0.285,0.000,0.743,0.383,2.332,14.218,0.883,0.710,0.883,0.096,0.285,0.710,683,CCR9,CCR9_683
0.774,0.872,0.646,0.646,0.000,0.806,0.606,0.868,3.425,0.890,0.863,0.890,0.190,0.646,0.863,689,CCR9,CCR9_689
0.723,0.837,0.495,0.495,0.000,0.781,0.481,1.200,6.539,0.861,0.854,0.861,0.122,0.495,0.854,704,CCR9,CCR9_704
0.682,0.794,0.478,0.478,0.000,0.733,0.454,1.938,8.994,0.858,0.672,0.858,0.158,0.478,0.672,706,CCR9,CCR9_706
0.711,0.840,0.443,0.443,0.000,0.778,0.490,1.274,6.940,0.869,0.823,0.869,0.123,0.443,0.823,710,CCR9,CCR9_710
0.744,0.835,0.604,0.604,0.000,0.779,0.570,0.964,3.723,0.852,0.885,0.852,0.142,0.604,0.885,718,CCR9,CCR9_718
0.828,0.881,0.835,0.835,0.000,0.826,0.758,0.834,2.505,0.887,0.774,0.887,0.314,0.835,0.774,72,CCR9,CCR9_72
0.701,0.819,0.457,0.457,0.000,0.763,0.479,1.461,7.257,0.857,0.726,0.857,0.117,0.457,0.726,730,CCR9,CCR9_730
0.784,0.857,0.677,0.677,0.000,0.810,0.681,1.233,5.175,0.878,0.809,0.878,0.228,0.677,0.809,731,CCR9,CCR9_731
0.706,0.822,0.453,0.453,0.000,0.770,0.511,1.193,5.447,0.855,0.791,0.855,0.115,0.453,0.791,732,CCR9,CCR9_732
0.699,0.808,0.502,0.502,0.000,0.749,0.523,1.320,5.031,0.851,0.684,0.851,0.141,0.502,0.684,739,CCR9,CCR9_739
0.671,0.801,0.346,0.346,0.000,0.752,0.397,1.663,8.263,0.847,0.834,0.847,0.109,0.346,0.834,740,CCR9,CCR9_740
0.661,0.827,0.210,0.210,0.000,0.773,0.391,1.800,13.422,0.868,0.862,0.868,0.087,0.210,0.862,742,CCR9,CCR9_742
0.702,0.830,0.461,0.461,0.000,0.762,0.459,1.505,7.749,0.866,0.782,0.866,0.133,0.461,0.782,743,CCR9,CCR9_743
0.738,0.856,0.529,0.529,0.000,0.790,0.518,1.099,5.157,0.881,0.907,0.881,0.156,0.529,0.907,746,CCR9,CCR9_746
0.827,0.882,0.855,0.855,0.000,0.820,0.758,0.684,1.534,0.886,0.680,0.886,0.381,0.855,0.680,760,CCR9,CCR9_760
0.762,0.813,0.716,0.716,0.000,0.773,0.662,1.086,3.886,0.824,0.764,0.824,0.291,0.716,0.764,786,CCR9,CCR9_786
0.738,0.837,0.542,0.542,0.000,0.787,0.540,1.059,4.588,0.861,0.824,0.861,0.138,0.542,0.824,8,CCR9,CCR9_8
0.726,0.837,0.545,0.545,0.000,0.772,0.587,1.199,5.279,0.869,0.640,0.869,0.149,0.545,0.640,804,CCR9,CCR9_804
0.785,0.878,0.755,0.755,0.000,0.792,0.620,0.850,2.953,0.893,0.790,0.893,0.326,0.755,0.790,807,CCR9,CCR9_807
0.727,0.851,0.413,0.413,0.000,0.805,0.449,1.363,9.658,0.885,0.724,0.885,0.095,0.413,0.724,810,CCR9,CCR9_810
0.804,0.881,0.786,0.786,0.000,0.808,0.726,0.647,2.223,0.888,0.815,0.888,0.272,0.786,0.815,811,CCR9,CCR9_811
0.702,0.819,0.506,0.506,0.000,0.752,0.493,1.444,5.887,0.862,0.736,0.862,0.145,0.506,0.736,812,CCR9,CCR9_812
0.721,0.826,0.529,0.529,0.000,0.769,0.528,1.404,6.016,0.863,0.772,0.863,0.147,0.529,0.772,814,CCR9,CCR9_814
0.764,0.864,0.608,0.608,0.000,0.803,0.584,0.913,3.665,0.888,0.700,0.888,0.130,0.608,0.700,819,CCR9,CCR9_819
0.692,0.825,0.430,0.430,0.000,0.757,0.441,1.701,8.969,0.868,0.771,0.868,0.132,0.430,0.771,820,CCR9,CCR9_820
0.825,0.887,0.891,0.891,0.000,0.808,0.705,0.716,1.989,0.887,0.921,0.887,0.426,0.891,0.921,826,CCR9,CCR9_826
0.840,0.879,0.886,0.886,0.000,0.828,0.793,0.627,1.357,0.879,0.804,0.879,0.392,0.886,0.804,831,CCR9,CCR9_831
0.611,0.791,0.099,0.099,0.000,0.739,0.313,2.832,18.977,0.861,0.745,0.861,0.071,0.099,0.745,833,CCR9,CCR9_833
0.783,0.874,0.671,0.671,0.000,0.811,0.618,0.830,2.932,0.896,0.720,0.896,0.168,0.671,0.720,839,CCR9,CCR9_839
0.690,0.816,0.429,0.429,0.000,0.755,0.449,1.572,6.876,0.860,0.745,0.860,0.117,0.429,0.745,840,CCR9,CCR9_840
0.656,0.833,0.211,0.211,0.000,0.767,0.357,1.875,14.524,0.879,0.856,0.879,0.085,0.211,0.856,849,CCR9,CCR9_849
0.745,0.843,0.566,0.566,0.000,0.790,0.566,1.051,5.093,0.861,0.811,0.861,0.135,0.566,0.811,878,CCR9,CCR9_878
0.707,0.833,0.460,0.460,0.000,0.769,0.514,1.577,8.613,0.871,0.735,0.871,0.132,0.460,0.735,881,CCR9,CCR9_881
0.613,0.792,0.136,0.136,0.000,0.732,0.257,2.702,17.403,0.865,0.794,0.865,0.085,0.136,0.794,915,CCR9,CCR9_915
0.649,0.806,0.257,0.257,0.000,0.747,0.382,2.483,14.346,0.867,0.702,0.867,0.108,0.257,0.702,921,CCR9,CCR9_921
0.740,0.837,0.575,0.575,0.000,0.781,0.541,1.314,5.904,0.864,0.812,0.864,0.229,0.575,0.812,938,CCR9,CCR9_938
0.661,0.819,0.282,0.282,0.000,0.756,0.378,2.062,12.942,0.872,0.776,0.872,0.095,0.282,0.776,957,CCR9,CCR9_957
0.747,0.824,0.606,0.606,0.000,0.783,0.563,1.149,5.060,0.840,0.854,0.840,0.218,0.606,0.854,960,CCR9,CCR9_960
0.695,0.814,0.433,0.433,0.000,0.761,0.458,1.527,6.985,0.856,0.737,0.856,0.113,0.433,0.737,97,CCR9,CCR9_97
0.735,0.831,0.592,0.592,0.000,0.771,0.557,1.047,4.156,0.852,0.857,0.852,0.158,0.592,0.857,977,CCR9,CCR9_977
0.688,0.811,0.412,0.412,0.000,0.757,0.449,1.865,9.286,0.861,0.755,0.861,0.125,0.412,0.755,983,CCR9,CCR9_983
0.678,0.816,0.381,0.381,0.000,0.752,0.427,1.712,8.854,0.868,0.755,0.868,0.115,0.381,0.755,995,CCR9,CCR9_995
0.759,0.870,0.441,0.441,0.000,0.838,0.486,1.167,4.789,0.936,0.696,0.936,0.128,0.441,0.696,10,ESR1,ESR1_10
0.819,0.908,0.572,0.572,0.000,0.881,0.606,0.791,3.046,0.942,0.818,0.942,0.149,0.572,0.818,11,ESR1,ESR1_11
0.914,0.925,0.956,0.956,0.000,0.904,0.877,0.516,0.762,0.923,0.902,0.923,0.628,0.956,0.902,122,ESR1,ESR1_122
0.896,0.922,0.853,0.853,0.000,0.907,0.796,0.559,1.544,0.926,0.922,0.926,0.266,0.853,0.922,138,ESR1,ESR1_138
0.788,0.890,0.541,0.541,0.000,0.850,0.544,1.032,3.541,0.946,0.699,0.946,0.150,0.541,0.699,148,ESR1,ESR1_148
0.873,0.926,0.799,0.799,0.000,0.892,0.735,0.631,1.750,0.947,0.771,0.947,0.296,0.799,0.771,153,ESR1,ESR1_153
0.825,0.910,0.646,0.646,0.000,0.869,0.619,0.859,3.493,0.944,0.674,0.944,0.222,0.646,0.674,161,ESR1,ESR1_161
0.861,0.930,0.708,0.708,0.000,0.899,0.698,0.660,2.497,0.950,0.891,0.950,0.265,0.708,0.891,162,ESR1,ESR1_162
0.837,0.902,0.712,0.712,0.000,0.869,0.646,0.781,2.448,0.929,0.738,0.929,0.218,0.712,0.738,166,ESR1,ESR1_166
0.882,0.931,0.806,0.806,0.000,0.901,0.740,0.556,1.581,0.943,0.866,0.943,0.310,0.806,0.866,173,ESR1,ESR1_173
0.804,0.893,0.589,0.589,0.000,0.858,0.601,0.977,4.074,0.935,0.797,0.935,0.209,0.589,0.797,179,ESR1,ESR1_179
0.909,0.944,0.900,0.900,0.000,0.911,0.814,0.504,0.997,0.949,0.852,0.949,0.485,0.900,0.852,185,ESR1,ESR1_185
0.931,0.952,0.969,0.969,0.000,0.922,0.904,0.416,0.553,0.950,0.915,0.950,0.691,0.969,0.915,187,ESR1,ESR1_187
0.866,0.925,0.797,0.797,0.000,0.883,0.717,0.669,1.887,0.948,0.807,0.948,0.400,0.797,0.807,206,ESR1,ESR1_206
0.833,0.913,0.683,0.683,0.000,0.870,0.627,0.747,2.626,0.943,0.822,0.943,0.220,0.683,0.822,209,ESR1,ESR1_209
0.862,0.930,0.749,0.749,0.000,0.890,0.691,0.671,2.048,0.953,0.647,0.953,0.214,0.749,0.647,231,ESR1,ESR1_231
0.850,0.915,0.777,0.777,0.000,0.869,0.686,0.733,2.073,0.942,0.774,0.942,0.340,0.777,0.774,233,ESR1,ESR1_233
0.881,0.936,0.818,0.818,0.000,0.897,0.735,0.558,1.506,0.952,0.805,0.952,0.329,0.818,0.805,24,ESR1,ESR1_24
0.789,0.892,0.574,0.574,0.000,0.843,0.538,0.954,4.132,0.942,0.784,0.942,0.194,0.574,0.784,242,ESR1,ESR1_242
0.914,0.943,0.920,0.920,0.000,0.912,0.855,0.473,0.924,0.946,0.882,0.946,0.498,0.920,0.882,253,ESR1,ESR1_253
0.871,0.919,0.789,0.789,0.000,0.891,0.743,0.730,2.314,0.934,0.818,0.934,0.472,0.789,0.818,276,ESR1,ESR1_276
0.849,0.917,0.746,0.746,0.000,0.875,0.660,0.694,2.062,0.941,0.786,0.941,0.326,0.746,0.786,277,ESR1,ESR1_277
0.731,0.847,0.506,0.506,0.000,0.787,0.464,1.239,4.304,0.945,0.611,0.945,0.194,0.506,0.611,283,ESR1,ESR1_283
0.869,0.922,0.797,0.797,0.000,0.887,0.716,0.635,1.686,0.938,0.730,0.938,0.310,0.797,0.730,302,ESR1,ESR1_302
0.921,0.937,0.940,0.940,0.000,0.916,0.890,0.477,0.770,0.937,0.896,0.937,0.661,0.940,0.896,309,ESR1,ESR1_309
0.816,0.897,0.662,0.662,0.000,0.855,0.603,0.839,2.744,0.931,0.671,0.931,0.179,0.662,0.671,311,ESR1,ESR1_311
0.928,0.956,0.948,0.948,0.000,0.923,0.863,0.400,0.710,0.957,0.869,0.957,0.558,0.948,0.869,331,ESR1,ESR1_331
0.795,0.894,0.552,0.552,0.000,0.856,0.546,0.978,4.179,0.937,0.808,0.937,0.160,0.552,0.808,359,ESR1,ESR1_359
0.895,0.940,0.857,0.857,0.000,0.905,0.759,0.532,1.559,0.950,0.885,0.950,0.426,0.857,0.885,37,ESR1,ESR1_37
0.851,0.919,0.678,0.678,0.000,0.894,0.681,0.730,2.835,0.940,0.868,0.940,0.211,0.678,0.868,38,ESR1,ESR1_38
0.851,0.917,0.743,0.743,0.000,0.878,0.675,0.688,1.939,0.942,0.766,0.942,0.476,0.743,0.766,389,ESR1,ESR1_389
0.806,0.899,0.575,0.575,0.000,0.863,0.566,0.879,3.228,0.940,0.667,0.940,0.150,0.575,0.667,390,ESR1,ESR1_390
0.837,0.924,0.633,0.633,0.000,0.888,0.628,0.677,2.612,0.951,0.836,0.951,0.171,0.633,0.836,4,ESR1,ESR1_4
0.868,0.927,0.798,0.798,0.000,0.886,0.712,0.635,1.778,0.944,0.777,0.944,0.318,0.798,0.777,446,ESR1,ESR1_446
0.857,0.916,0.786,0.786,0.000,0.875,0.695,0.702,2.009,0.937,0.757,0.937,0.326,0.786,0.757,448,ESR1,ESR1_448
0.751,0.868,0.465,0.465,0.000,0.823,0.465,1.192,4.535,0.948,0.671,0.948,0.141,0.465,0.671,469,ESR1,ESR1_469
0.917,0.945,0.922,0.922,0.000,0.916,0.844,0.458,0.870,0.947,0.832,0.947,0.584,0.922,0.832,484,ESR1,ESR1_484
0.764,0.870,0.466,0.466,0.000,0.839,0.522,1.183,4.236,0.928,0.581,0.928,0.128,0.466,0.581,485,ESR1,ESR1_485
0.761,0.876,0.459,0.459,0.000,0.836,0.513,1.228,4.432,0.949,0.665,0.949,0.132,0.459,0.665,487,ESR1,ESR1_487
0.814,0.908,0.586,0.586,0.000,0.871,0.579,0.860,2.992,0.951,0.778,0.951,0.151,0.586,0.778,49,ESR1,ESR1_49
0.860,0.916,0.772,0.772,0.000,0.882,0.703,0.699,1.996,0.936,0.855,0.936,0.377,0.772,0.855,5,ESR1,ESR1_5
0.823,0.912,0.680,0.680,0.000,0.859,0.597,0.732,2.335,0.953,0.825,0.953,0.307,0.680,0.825,517,ESR1,ESR1_517
0.789,0.890,0.557,0.557,0.000,0.847,0.535,0.968,3.308,0.946,0.695,0.946,0.137,0.557,0.695,526,ESR1,ESR1_526
0.795,0.885,0.559,0.559,0.000,0.854,0.599,0.973,3.574,0.928,0.734,0.928,0.149,0.559,0.734,53,ESR1,ESR1_53
0.837,0.912,0.734,0.734,0.000,0.862,0.655,0.804,2.472,0.945,0.674,0.945,0.246,0.734,0.674,551,ESR1,ESR1_551
0.824,0.903,0.611,0.611,0.000,0.877,0.628,0.845,3.284,0.932,0.846,0.932,0.188,0.611,0.846,583,ESR1,ESR1_583
0.829,0.912,0.640,0.640,0.000,0.877,0.645,0.759,2.691,0.943,0.818,0.943,0.189,0.640,0.818,596,ESR1,ESR1_596
0.807,0.900,0.594,0.594,0.000,0.861,0.563,0.848,3.303,0.940,0.736,0.940,0.165,0.594,0.736,599,ESR1,ESR1_599
0.850,0.916,0.746,0.746,0.000,0.876,0.655,0.679,2.064,0.938,0.752,0.938,0.239,0.746,0.752,611,ESR1,ESR1_611
0.876,0.928,0.804,0.804,0.000,0.894,0.722,0.616,1.673,0.942,0.773,0.942,0.347,0.804,0.773,614,ESR1,ESR1_614
0.810,0.899,0.616,0.616,0.000,0.858,0.597,0.957,3.668,0.945,0.717,0.945,0.192,0.616,0.717,618,ESR1,ESR1_618
0.851,0.918,0.724,0.724,0.000,0.882,0.673,0.726,2.528,0.941,0.743,0.941,0.318,0.724,0.743,622,ESR1,ESR1_622
0.781,0.872,0.510,0.510,0.000,0.849,0.598,1.156,4.165,0.936,0.725,0.936,0.235,0.510,0.725,626,ESR1,ESR1_626
0.903,0.941,0.865,0.865,0.000,0.913,0.821,0.524,1.242,0.949,0.816,0.949,0.423,0.865,0.816,627,ESR1,ESR1_627
0.879,0.927,0.786,0.786,0.000,0.902,0.739,0.583,1.694,0.938,0.865,0.938,0.228,0.786,0.865,629,ESR1,ESR1_629
0.791,0.886,0.610,0.610,0.000,0.837,0.552,0.915,3.175,0.940,0.748,0.940,0.212,0.610,0.748,647,ESR1,ESR1_647
0.781,0.890,0.502,0.502,0.000,0.851,0.534,0.974,4.121,0.948,0.709,0.948,0.157,0.502,0.709,65,ESR1,ESR1_65
0.798,0.889,0.574,0.574,0.000,0.854,0.585,1.051,4.048,0.939,0.717,0.939,0.202,0.574,0.717,683,ESR1,ESR1_683
0.930,0.950,0.962,0.962,0.000,0.921,0.902,0.410,0.605,0.948,0.890,0.948,0.640,0.962,0.890,689,ESR1,ESR1_689
0.931,0.946,0.952,0.952,0.000,0.925,0.899,0.419,0.640,0.946,0.861,0.946,0.549,0.952,0.861,704,ESR1,ESR1_704
0.776,0.873,0.634,0.634,0.000,0.811,0.536,0.977,3.010,0.938,0.651,0.938,0.179,0.634,0.651,706,ESR1,ESR1_706
0.843,0.921,0.673,0.673,0.000,0.885,0.627,0.681,2.452,0.945,0.815,0.945,0.173,0.673,0.815,710,ESR1,ESR1_710
0.898,0.929,0.866,0.866,0.000,0.906,0.810,0.545,1.324,0.936,0.893,0.936,0.489,0.866,0.893,718,ESR1,ESR1_718
0.816,0.905,0.653,0.653,0.000,0.857,0.575,0.824,2.559,0.946,0.673,0.946,0.210,0.653,0.673,72,ESR1,ESR1_72
0.813,0.895,0.631,0.631,0.000,0.859,0.610,0.883,2.937,0.932,0.763,0.932,0.216,0.631,0.763,730,ESR1,ESR1_730
0.825,0.897,0.714,0.714,0.000,0.853,0.637,0.924,2.997,0.926,0.793,0.926,0.258,0.714,0.793,731,ESR1,ESR1_731
0.889,0.934,0.846,0.846,0.000,0.900,0.741,0.552,1.442,0.945,0.792,0.945,0.338,0.846,0.792,732,ESR1,ESR1_732
0.890,0.936,0.886,0.886,0.000,0.891,0.763,0.565,1.276,0.948,0.798,0.948,0.484,0.886,0.798,739,ESR1,ESR1_739
0.867,0.932,0.774,0.774,0.000,0.890,0.712,0.609,1.719,0.953,0.812,0.953,0.506,0.774,0.812,740,ESR1,ESR1_740
0.900,0.929,0.874,0.874,0.000,0.906,0.798,0.541,1.201,0.934,0.884,0.934,0.524,0.874,0.884,742,ESR1,ESR1_742
0.865,0.922,0.793,0.793,0.000,0.883,0.697,0.658,1.942,0.940,0.840,0.940,0.337,0.793,0.840,743,ESR1,ESR1_743
0.865,0.935,0.725,0.725,0.000,0.900,0.700,0.604,2.116,0.958,0.880,0.958,0.232,0.725,0.880,746,ESR1,ESR1_746
0.798,0.891,0.562,0.562,0.000,0.857,0.557,0.981,3.458,0.936,0.664,0.936,0.129,0.562,0.664,760,ESR1,ESR1_760
0.827,0.902,0.701,0.701,0.000,0.858,0.615,0.822,2.727,0.935,0.739,0.935,0.240,0.701,0.739,786,ESR1,ESR1_786
0.884,0.937,0.792,0.792,0.000,0.907,0.753,0.571,1.724,0.952,0.813,0.952,0.384,0.792,0.813,8,ESR1,ESR1_8
0.777,0.889,0.468,0.468,0.000,0.855,0.535,1.176,4.578,0.947,0.642,0.947,0.121,0.468,0.642,804,ESR1,ESR1_804
0.874,0.926,0.822,0.822,0.000,0.887,0.743,0.632,1.586,0.944,0.792,0.944,0.458,0.822,0.792,807,ESR1,ESR1_807
0.750,0.881,0.358,0.358,0.000,0.848,0.401,0.964,6.169,0.934,0.695,0.934,0.083,0.358,0.695,810,ESR1,ESR1_810
0.866,0.921,0.737,0.737,0.000,0.898,0.719,0.650,2.197,0.936,0.826,0.936,0.269,0.737,0.826,811,ESR1,ESR1_811
0.780,0.882,0.541,0.541,0.000,0.840,0.535,1.007,3.598,0.945,0.724,0.945,0.149,0.541,0.724,812,ESR1,ESR1_812
0.796,0.893,0.570,0.570,0.000,0.852,0.539,0.924,3.194,0.945,0.761,0.945,0.216,0.570,0.761,814,ESR1,ESR1_814
0.895,0.941,0.855,0.855,0.000,0.906,0.772,0.526,1.273,0.951,0.709,0.951,0.302,0.855,0.709,819,ESR1,ESR1_819
0.871,0.929,0.811,0.811,0.000,0.886,0.710,0.605,1.655,0.947,0.802,0.947,0.296,0.811,0.802,820,ESR1,ESR1_820
0.824,0.915,0.628,0.628,0.000,0.873,0.616,0.831,3.212,0.948,0.846,0.948,0.230,0.628,0.846,826,ESR1,ESR1_826
0.835,0.908,0.706,0.706,0.000,0.867,0.653,0.782,2.428,0.936,0.761,0.936,0.249,0.706,0.761,831,ESR1,ESR1_831
0.924,0.951,0.947,0.947,0.000,0.919,0.858,0.415,0.718,0.952,0.880,0.952,0.589,0.947,0.880,833,ESR1,ESR1_833
0.910,0.940,0.910,0.910,0.000,0.910,0.858,0.525,1.038,0.944,0.720,0.944,0.405,0.910,0.720,839,ESR1,ESR1_839
0.793,0.889,0.560,0.560,0.000,0.851,0.567,1.037,3.673,0.939,0.697,0.939,0.145,0.560,0.697,840,ESR1,ESR1_840
0.907,0.942,0.891,0.891,0.000,0.911,0.806,0.488,1.063,0.947,0.891,0.947,0.407,0.891,0.891,849,ESR1,ESR1_849
0.883,0.934,0.818,0.818,0.000,0.899,0.739,0.578,1.670,0.944,0.802,0.944,0.228,0.818,0.802,878,ESR1,ESR1_878
0.896,0.946,0.876,0.876,0.000,0.901,0.779,0.521,1.146,0.955,0.792,0.955,0.426,0.876,0.792,881,ESR1,ESR1_881
0.860,0.913,0.784,0.784,0.000,0.878,0.715,0.697,1.954,0.933,0.867,0.933,0.408,0.784,0.867,915,ESR1,ESR1_915
0.915,0.951,0.924,0.924,0.000,0.913,0.830,0.445,0.914,0.955,0.887,0.955,0.562,0.924,0.887,921,ESR1,ESR1_921
0.801,0.897,0.558,0.558,0.000,0.861,0.565,0.903,3.401,0.943,0.779,0.943,0.177,0.558,0.779,938,ESR1,ESR1_938
0.838,0.911,0.678,0.678,0.000,0.878,0.646,0.750,2.580,0.943,0.792,0.943,0.188,0.678,0.792,957,ESR1,ESR1_957
0.930,0.944,0.967,0.967,0.000,0.921,0.904,0.424,0.568,0.942,0.918,0.942,0.564,0.967,0.918,960,ESR1,ESR1_960
0.855,0.925,0.734,0.734,0.000,0.886,0.666,0.689,2.138,0.954,0.748,0.954,0.346,0.734,0.748,97,ESR1,ESR1_97
0.853,0.919,0.721,0.721,0.000,0.886,0.687,0.694,2.160,0.942,0.845,0.942,0.360,0.721,0.845,977,ESR1,ESR1_977
0.834,0.918,0.691,0.691,0.000,0.870,0.636,0.729,2.279,0.956,0.714,0.956,0.255,0.691,0.714,983,ESR1,ESR1_983
0.811,0.902,0.617,0.617,0.000,0.860,0.585,0.815,2.807,0.947,0.716,0.947,0.161,0.617,0.716,995,ESR1,ESR1_995
0.891,0.939,0.837,0.837,0.000,0.905,0.700,0.493,1.769,0.948,0.805,0.948,0.407,0.837,0.805,10,FTO,FTO_10
0.834,0.934,0.564,0.564,0.000,0.901,0.521,0.711,6.925,0.954,0.842,0.954,0.166,0.564,0.842,11,FTO,FTO_11
0.864,0.944,0.671,0.671,0.000,0.912,0.606,0.544,4.094,0.956,0.874,0.956,0.180,0.671,0.874,122,FTO,FTO_122
0.884,0.948,0.713,0.713,0.000,0.927,0.777,0.537,5.115,0.954,0.954,0.954,0.197,0.713,0.954,138,FTO,FTO_138
0.813,0.915,0.526,0.526,0.000,0.885,0.495,0.933,6.074,0.946,0.760,0.946,0.151,0.526,0.760,148,FTO,FTO_148
0.833,0.921,0.603,0.603,0.000,0.890,0.571,0.832,6.366,0.946,0.843,0.946,0.212,0.603,0.843,153,FTO,FTO_153
0.764,0.907,0.294,0.294,0.000,0.881,0.420,1.126,10.530,0.949,0.724,0.949,0.121,0.294,0.724,161,FTO,FTO_161
0.857,0.939,0.643,0.643,0.000,0.910,0.609,0.659,5.303,0.953,0.914,0.953,0.197,0.643,0.914,162,FTO,FTO_162
0.906,0.934,0.887,0.887,0.000,0.910,0.771,0.479,1.523,0.938,0.834,0.938,0.410,0.887,0.834,166,FTO,FTO_166
0.858,0.934,0.672,0.672,0.000,0.905,0.594,0.582,3.876,0.947,0.888,0.947,0.180,0.672,0.888,173,FTO,FTO_173
0.850,0.916,0.673,0.673,0.000,0.894,0.608,0.758,4.811,0.934,0.827,0.934,0.286,0.673,0.827,179,FTO,FTO_179
0.823,0.934,0.530,0.530,0.000,0.897,0.502,0.763,6.249,0.956,0.836,0.956,0.151,0.530,0.836,185,FTO,FTO_185
0.896,0.919,0.861,0.861,0.000,0.905,0.746,0.575,1.650,0.924,0.824,0.924,0.551,0.861,0.824,187,FTO,FTO_187
0.823,0.899,0.586,0.586,0.000,0.882,0.573,1.042,5.914,0.927,0.739,0.927,0.302,0.586,0.739,206,FTO,FTO_206
0.878,0.935,0.768,0.768,0.000,0.905,0.646,0.572,2.904,0.947,0.887,0.947,0.348,0.768,0.887,209,FTO,FTO_209
0.838,0.921,0.598,0.598,0.000,0.897,0.609,0.888,6.457,0.941,0.724,0.941,0.159,0.598,0.724,231,FTO,FTO_231
0.765,0.878,0.386,0.386,0.000,0.860,0.376,1.298,10.080,0.928,0.728,0.928,0.141,0.386,0.728,233,FTO,FTO_233
0.784,0.914,0.373,0.373,0.000,0.887,0.495,1.103,9.445,0.950,0.796,0.950,0.139,0.373,0.796,24,FTO,FTO_24
0.800,0.900,0.476,0.476,0.000,0.881,0.516,1.110,7.551,0.934,0.793,0.934,0.152,0.476,0.793,242,FTO,FTO_242
0.803,0.909,0.468,0.468,0.000,0.887,0.489,0.986,8.622,0.936,0.886,0.936,0.140,0.468,0.886,253,FTO,FTO_253
0.783,0.925,0.347,0.347,0.000,0.892,0.444,1.065,10.768,0.959,0.805,0.959,0.131,0.347,0.805,276,FTO,FTO_276
0.839,0.920,0.625,0.625,0.000,0.893,0.547,0.846,5.532,0.942,0.818,0.942,0.213,0.625,0.818,277,FTO,FTO_277
0.821,0.891,0.667,0.667,0.000,0.860,0.554,0.885,4.164,0.924,0.714,0.924,0.378,0.667,0.714,283,FTO,FTO_283
0.817,0.922,0.512,0.512,0.000,0.894,0.545,0.937,8.225,0.947,0.765,0.947,0.139,0.512,0.765,302,FTO,FTO_302
0.845,0.937,0.618,0.618,0.000,0.902,0.564,0.680,5.338,0.954,0.838,0.954,0.168,0.618,0.838,309,FTO,FTO_309
0.822,0.912,0.572,0.572,0.000,0.885,0.505,0.887,5.192,0.938,0.723,0.938,0.136,0.572,0.723,311,FTO,FTO_311
0.775,0.914,0.312,0.312,0.000,0.890,0.439,0.933,9.869,0.948,0.797,0.948,0.108,0.312,0.797,331,FTO,FTO_331
0.853,0.929,0.671,0.671,0.000,0.898,0.645,0.742,4.828,0.946,0.844,0.946,0.288,0.671,0.844,359,FTO,FTO_359
0.816,0.930,0.472,0.472,0.000,0.902,0.550,0.868,8.344,0.954,0.873,0.954,0.172,0.472,0.873,37,FTO,FTO_37
0.823,0.918,0.515,0.515,0.000,0.900,0.538,0.852,6.825,0.935,0.906,0.935,0.162,0.515,0.906,38,FTO,FTO_38
0.873,0.920,0.780,0.780,0.000,0.896,0.630,0.591,2.152,0.932,0.843,0.932,0.322,0.780,0.843,389,FTO,FTO_389
0.772,0.908,0.323,0.323,0.000,0.884,0.410,1.140,11.081,0.946,0.706,0.946,0.114,0.323,0.706,390,FTO,FTO_390
0.888,0.948,0.780,0.780,0.000,0.915,0.679,0.469,2.574,0.956,0.886,0.956,0.236,0.780,0.886,4,FTO,FTO_4
0.875,0.932,0.759,0.759,0.000,0.904,0.660,0.585,2.640,0.943,0.819,0.943,0.247,0.759,0.819,446,FTO,FTO_446
0.889,0.929,0.828,0.828,0.000,0.904,0.712,0.532,1.853,0.938,0.788,0.938,0.310,0.828,0.788,448,FTO,FTO_448
0.823,0.903,0.606,0.606,0.000,0.878,0.558,0.924,5.043,0.933,0.727,0.933,0.192,0.606,0.727,469,FTO,FTO_469
0.863,0.937,0.691,0.691,0.000,0.906,0.618,0.663,4.742,0.950,0.863,0.950,0.219,0.691,0.863,484,FTO,FTO_484
0.839,0.923,0.631,0.631,0.000,0.892,0.572,0.765,4.314,0.944,0.687,0.944,0.154,0.631,0.687,485,FTO,FTO_485
0.720,0.877,0.172,0.172,0.000,0.857,0.293,1.350,13.157,0.940,0.745,0.940,0.096,0.172,0.745,487,FTO,FTO_487
0.916,0.942,0.914,0.914,0.000,0.917,0.790,0.435,1.150,0.944,0.919,0.944,0.508,0.914,0.919,49,FTO,FTO_49
0.870,0.923,0.744,0.744,0.000,0.902,0.668,0.733,4.244,0.935,0.878,0.935,0.333,0.744,0.878,5,FTO,FTO_5
0.818,0.911,0.564,0.564,0.000,0.882,0.524,0.880,5.206,0.941,0.832,0.941,0.184,0.564,0.832,517,FTO,FTO_517
0.837,0.920,0.621,0.621,0.000,0.891,0.581,0.857,6.022,0.945,0.747,0.945,0.204,0.621,0.747,526,FTO,FTO_526
0.843,0.908,0.650,0.650,0.000,0.892,0.618,0.750,3.890,0.925,0.811,0.925,0.173,0.650,0.811,53,FTO,FTO_53
0.805,0.893,0.540,0.540,0.000,0.872,0.539,1.052,5.465,0.927,0.688,0.927,0.153,0.540,0.688,551,FTO,FTO_551
0.908,0.939,0.872,0.872,0.000,0.917,0.786,0.448,1.560,0.942,0.919,0.942,0.441,0.872,0.919,583,FTO,FTO_583
0.912,0.936,0.906,0.906,0.000,0.914,0.800,0.497,1.798,0.938,0.885,0.938,0.413,0.906,0.885,596,FTO,FTO_596
0.759,0.906,0.268,0.268,0.000,0.881,0.432,1.116,11.541,0.949,0.797,0.949,0.111,0.268,0.797,599,FTO,FTO_599
0.879,0.921,0.772,0.772,0.000,0.905,0.710,0.672,3.599,0.931,0.833,0.931,0.280,0.772,0.833,611,FTO,FTO_611
0.858,0.930,0.685,0.685,0.000,0.901,0.621,0.620,3.277,0.944,0.814,0.944,0.168,0.685,0.814,614,FTO,FTO_614
0.752,0.891,0.281,0.281,0.000,0.870,0.381,1.153,11.683,0.943,0.782,0.943,0.114,0.281,0.782,618,FTO,FTO_618
0.755,0.910,0.239,0.239,0.000,0.884,0.397,1.136,12.231,0.951,0.734,0.951,0.101,0.239,0.734,622,FTO,FTO_622
0.911,0.931,0.899,0.899,0.000,0.914,0.809,0.508,1.624,0.934,0.838,0.934,0.471,0.899,0.838,626,FTO,FTO_626
0.820,0.935,0.500,0.500,0.000,0.900,0.522,0.758,6.680,0.956,0.813,0.956,0.133,0.500,0.813,627,FTO,FTO_627
0.803,0.924,0.403,0.403,0.000,0.903,0.481,0.825,8.412,0.945,0.872,0.945,0.115,0.403,0.872,629,FTO,FTO_629
0.828,0.908,0.639,0.639,0.000,0.875,0.533,0.807,4.508,0.934,0.824,0.934,0.214,0.639,0.824,647,FTO,FTO_647
0.751,0.898,0.254,0.254,0.000,0.875,0.440,1.219,11.125,0.947,0.759,0.947,0.123,0.254,0.759,65,FTO,FTO_65
0.759,0.893,0.305,0.305,0.000,0.872,0.421,1.564,12.606,0.942,0.759,0.942,0.124,0.305,0.759,683,FTO,FTO_683
0.909,0.951,0.881,0.881,0.000,0.916,0.746,0.410,1.631,0.955,0.899,0.955,0.492,0.881,0.899,689,FTO,FTO_689
0.833,0.934,0.544,0.544,0.000,0.906,0.624,0.754,7.016,0.952,0.888,0.952,0.176,0.544,0.888,704,FTO,FTO_704
0.838,0.901,0.734,0.734,0.000,0.864,0.558,0.793,3.197,0.925,0.730,0.925,0.250,0.734,0.730,706,FTO,FTO_706
0.840,0.919,0.588,0.588,0.000,0.903,0.638,0.849,6.433,0.935,0.862,0.935,0.164,0.588,0.862,710,FTO,FTO_710
0.912,0.942,0.873,0.873,0.000,0.922,0.824,0.428,1.425,0.946,0.914,0.946,0.504,0.873,0.914,718,FTO,FTO_718
0.878,0.928,0.777,0.777,0.000,0.904,0.713,0.651,2.779,0.941,0.824,0.941,0.405,0.777,0.824,72,FTO,FTO_72
0.796,0.910,0.445,0.445,0.000,0.884,0.468,1.052,8.787,0.943,0.783,0.943,0.132,0.445,0.783,730,FTO,FTO_730
0.809,0.900,0.531,0.531,0.000,0.879,0.498,0.856,4.808,0.930,0.775,0.930,0.143,0.531,0.775,731,FTO,FTO_731
0.864,0.923,0.711,0.711,0.000,0.902,0.647,0.643,3.588,0.936,0.830,0.936,0.214,0.711,0.830,732,FTO,FTO_732
0.923,0.949,0.944,0.944,0.000,0.918,0.824,0.416,0.802,0.950,0.818,0.950,0.472,0.944,0.818,739,FTO,FTO_739
0.815,0.918,0.527,0.527,0.000,0.887,0.515,0.877,7.692,0.945,0.882,0.945,0.171,0.527,0.882,740,FTO,FTO_740
0.857,0.936,0.646,0.646,0.000,0.909,0.650,0.666,5.639,0.950,0.897,0.950,0.169,0.646,0.897,742,FTO,FTO_742
0.798,0.902,0.456,0.456,0.000,0.884,0.449,1.017,8.016,0.932,0.805,0.932,0.132,0.456,0.805,743,FTO,FTO_743
0.873,0.930,0.744,0.744,0.000,0.905,0.655,0.597,3.591,0.940,0.917,0.940,0.218,0.744,0.917,746,FTO,FTO_746
0.820,0.924,0.531,0.531,0.000,0.892,0.483,0.890,6.497,0.951,0.710,0.951,0.135,0.531,0.710,760,FTO,FTO_760
0.801,0.904,0.482,0.482,0.000,0.881,0.462,0.896,6.968,0.938,0.780,0.938,0.139,0.482,0.780,786,FTO,FTO_786
0.801,0.914,0.433,0.433,0.000,0.893,0.483,0.872,8.478,0.939,0.851,0.939,0.130,0.433,0.851,8,FTO,FTO_8
0.819,0.920,0.523,0.523,0.000,0.893,0.576,0.929,7.218,0.948,0.685,0.948,0.160,0.523,0.685,804,FTO,FTO_804
0.835,0.899,0.635,0.635,0.000,0.885,0.595,0.931,5.035,0.920,0.806,0.920,0.222,0.635,0.806,807,FTO,FTO_807
0.920,0.929,0.934,0.934,0.000,0.916,0.842,0.472,0.931,0.929,0.822,0.929,0.392,0.934,0.822,810,FTO,FTO_810
0.794,0.931,0.356,0.356,0.000,0.903,0.521,0.797,9.452,0.953,0.842,0.953,0.110,0.356,0.842,811,FTO,FTO_811
0.854,0.919,0.708,0.708,0.000,0.891,0.620,0.710,3.164,0.939,0.794,0.939,0.268,0.708,0.794,812,FTO,FTO_812
0.864,0.916,0.754,0.754,0.000,0.892,0.621,0.649,2.823,0.930,0.868,0.930,0.290,0.754,0.868,814,FTO,FTO_814
0.890,0.940,0.796,0.796,0.000,0.914,0.738,0.578,2.906,0.949,0.751,0.949,0.212,0.796,0.751,819,FTO,FTO_819
0.827,0.908,0.600,0.600,0.000,0.884,0.515,0.821,5.593,0.932,0.810,0.932,0.148,0.600,0.810,820,FTO,FTO_820
0.848,0.932,0.631,0.631,0.000,0.902,0.588,0.733,5.210,0.950,0.870,0.950,0.172,0.631,0.870,826,FTO,FTO_826
0.797,0.912,0.442,0.442,0.000,0.886,0.454,1.164,11.192,0.947,0.801,0.947,0.142,0.442,0.801,831,FTO,FTO_831
0.887,0.932,0.789,0.789,0.000,0.912,0.741,0.639,3.429,0.942,0.845,0.942,0.489,0.789,0.845,833,FTO,FTO_833
0.860,0.921,0.696,0.696,0.000,0.902,0.679,0.789,4.726,0.936,0.766,0.936,0.262,0.696,0.766,839,FTO,FTO_839
0.837,0.929,0.604,0.604,0.000,0.895,0.545,0.877,6.000,0.955,0.825,0.955,0.195,0.604,0.825,840,FTO,FTO_840
0.787,0.923,0.353,0.353,0.000,0.895,0.427,0.919,9.884,0.952,0.880,0.952,0.120,0.353,0.880,849,FTO,FTO_849
0.820,0.932,0.481,0.481,0.000,0.905,0.476,0.742,6.809,0.952,0.846,0.952,0.120,0.481,0.846,878,FTO,FTO_878
0.817,0.908,0.536,0.536,0.000,0.887,0.508,1.011,7.727,0.934,0.781,0.934,0.156,0.536,0.781,881,FTO,FTO_881
0.793,0.906,0.433,0.433,0.000,0.883,0.498,1.103,9.196,0.942,0.853,0.942,0.142,0.433,0.853,915,FTO,FTO_915
0.798,0.908,0.461,0.461,0.000,0.883,0.478,0.930,6.434,0.942,0.762,0.942,0.131,0.461,0.762,921,FTO,FTO_921
0.774,0.896,0.355,0.355,0.000,0.879,0.445,1.181,9.963,0.932,0.834,0.932,0.123,0.355,0.834,938,FTO,FTO_938
0.765,0.913,0.300,0.300,0.000,0.882,0.398,1.095,11.451,0.955,0.814,0.955,0.108,0.300,0.814,957,FTO,FTO_957
0.787,0.927,0.346,0.346,0.000,0.897,0.453,0.876,9.465,0.954,0.870,0.954,0.111,0.346,0.870,960,FTO,FTO_960
0.859,0.926,0.711,0.711,0.000,0.896,0.596,0.633,2.544,0.942,0.771,0.942,0.244,0.711,0.771,97,FTO,FTO_97
0.894,0.941,0.830,0.830,0.000,0.909,0.678,0.510,2.343,0.948,0.922,0.948,0.426,0.830,0.922,977,FTO,FTO_977
0.876,0.930,0.776,0.776,0.000,0.900,0.651,0.610,2.532,0.944,0.800,0.944,0.321,0.776,0.800,983,FTO,FTO_983
0.865,0.922,0.748,0.748,0.000,0.894,0.647,0.686,3.364,0.937,0.850,0.937,0.289,0.748,0.850,995,FTO,FTO_995
0.848,0.877,0.642,0.642,0.000,0.899,0.643,0.816,3.711,0.913,0.731,0.913,0.270,0.642,0.731,10,GRIK1,GRIK1_10
0.946,0.947,0.932,0.932,0.000,0.950,0.864,0.351,0.796,0.949,0.907,0.949,0.701,0.932,0.907,11,GRIK1,GRIK1_11
0.831,0.909,0.482,0.482,0.000,0.918,0.562,0.864,6.655,0.942,0.860,0.942,0.264,0.482,0.860,122,GRIK1,GRIK1_122
0.962,0.926,0.983,0.983,0.000,0.957,0.903,0.314,0.689,0.924,0.936,0.924,0.493,0.983,0.936,138,GRIK1,GRIK1_138
0.845,0.885,0.643,0.643,0.000,0.895,0.621,0.790,3.491,0.921,0.757,0.921,0.266,0.643,0.757,148,GRIK1,GRIK1_148
0.794,0.862,0.462,0.462,0.000,0.877,0.518,1.191,6.625,0.922,0.754,0.922,0.135,0.462,0.754,153,GRIK1,GRIK1_153
0.926,0.945,0.860,0.860,0.000,0.942,0.831,0.445,1.418,0.957,0.818,0.957,0.497,0.860,0.818,161,GRIK1,GRIK1_161
0.833,0.909,0.488,0.488,0.000,0.919,0.594,0.849,5.889,0.943,0.873,0.943,0.154,0.488,0.873,162,GRIK1,GRIK1_162
0.885,0.911,0.782,0.782,0.000,0.910,0.698,0.582,2.136,0.930,0.738,0.930,0.306,0.782,0.738,166,GRIK1,GRIK1_166
0.793,0.880,0.359,0.359,0.000,0.902,0.445,0.949,7.381,0.927,0.848,0.927,0.111,0.359,0.848,173,GRIK1,GRIK1_173
0.797,0.862,0.462,0.462,0.000,0.881,0.511,1.048,5.988,0.917,0.770,0.917,0.135,0.462,0.770,179,GRIK1,GRIK1_179
0.779,0.860,0.341,0.341,0.000,0.889,0.484,1.025,6.765,0.914,0.773,0.914,0.099,0.341,0.773,185,GRIK1,GRIK1_185
0.898,0.920,0.823,0.823,0.000,0.916,0.740,0.585,1.684,0.935,0.784,0.935,0.593,0.823,0.784,187,GRIK1,GRIK1_187
0.833,0.868,0.639,0.639,0.000,0.881,0.593,0.847,3.219,0.908,0.675,0.908,0.412,0.639,0.675,206,GRIK1,GRIK1_206
0.827,0.888,0.553,0.553,0.000,0.896,0.574,0.795,3.879,0.931,0.783,0.931,0.177,0.553,0.783,209,GRIK1,GRIK1_209
0.888,0.910,0.765,0.765,0.000,0.919,0.707,0.565,2.117,0.928,0.684,0.928,0.325,0.765,0.684,231,GRIK1,GRIK1_231
0.770,0.837,0.428,0.428,0.000,0.855,0.480,1.214,5.815,0.912,0.653,0.912,0.136,0.428,0.653,233,GRIK1,GRIK1_233
0.773,0.870,0.340,0.340,0.000,0.882,0.462,1.065,6.437,0.937,0.737,0.937,0.120,0.340,0.737,24,GRIK1,GRIK1_24
0.810,0.800,0.542,0.542,0.000,0.877,0.579,0.998,3.957,0.842,0.734,0.842,0.247,0.542,0.734,242,GRIK1,GRIK1_242
0.887,0.921,0.761,0.761,0.000,0.918,0.703,0.596,2.885,0.941,0.879,0.941,0.397,0.761,0.879,253,GRIK1,GRIK1_253
0.879,0.921,0.708,0.708,0.000,0.922,0.695,0.638,2.684,0.944,0.780,0.944,0.268,0.708,0.780,276,GRIK1,GRIK1_276
0.842,0.896,0.629,0.629,0.000,0.896,0.617,0.838,3.508,0.933,0.773,0.933,0.227,0.629,0.773,277,GRIK1,GRIK1_277
0.797,0.840,0.615,0.615,0.000,0.842,0.547,1.000,4.000,0.905,0.689,0.905,0.536,0.615,0.689,283,GRIK1,GRIK1_283
0.829,0.878,0.551,0.551,0.000,0.899,0.586,0.884,5.062,0.915,0.723,0.915,0.156,0.551,0.723,302,GRIK1,GRIK1_302
0.899,0.905,0.792,0.792,0.000,0.925,0.731,0.513,2.178,0.919,0.821,0.919,0.612,0.792,0.821,309,GRIK1,GRIK1_309
0.813,0.859,0.528,0.528,0.000,0.884,0.534,1.098,5.300,0.908,0.651,0.908,0.202,0.528,0.651,311,GRIK1,GRIK1_311
0.767,0.868,0.286,0.286,0.000,0.887,0.355,0.926,6.919,0.929,0.746,0.929,0.087,0.286,0.746,331,GRIK1,GRIK1_331
0.913,0.937,0.849,0.849,0.000,0.930,0.779,0.467,1.441,0.948,0.841,0.948,0.503,0.849,0.841,359,GRIK1,GRIK1_359
0.954,0.955,0.952,0.952,0.000,0.955,0.885,0.328,0.658,0.956,0.925,0.956,0.708,0.952,0.925,37,GRIK1,GRIK1_37
0.805,0.901,0.383,0.383,0.000,0.910,0.508,0.893,6.287,0.944,0.871,0.944,0.107,0.383,0.871,38,GRIK1,GRIK1_38
0.763,0.849,0.338,0.338,0.000,0.870,0.383,1.051,6.400,0.920,0.773,0.920,0.097,0.338,0.773,389,GRIK1,GRIK1_389
0.794,0.868,0.419,0.419,0.000,0.887,0.439,0.926,6.038,0.922,0.663,0.922,0.110,0.419,0.663,390,GRIK1,GRIK1_390
0.800,0.885,0.391,0.391,0.000,0.903,0.525,0.873,5.814,0.929,0.828,0.929,0.105,0.391,0.828,4,GRIK1,GRIK1_4
0.839,0.873,0.605,0.605,0.000,0.898,0.589,0.789,3.320,0.905,0.738,0.905,0.158,0.605,0.738,446,GRIK1,GRIK1_446
0.882,0.854,0.777,0.777,0.000,0.908,0.735,0.655,2.117,0.865,0.740,0.865,0.464,0.777,0.740,448,GRIK1,GRIK1_448
0.739,0.806,0.326,0.326,0.000,0.842,0.402,1.218,6.784,0.898,0.673,0.898,0.108,0.326,0.673,469,GRIK1,GRIK1_469
0.937,0.942,0.901,0.901,0.000,0.946,0.842,0.392,1.127,0.948,0.826,0.948,0.394,0.901,0.826,484,GRIK1,GRIK1_484
0.873,0.852,0.749,0.749,0.000,0.904,0.691,0.757,2.874,0.867,0.653,0.867,0.298,0.749,0.653,485,GRIK1,GRIK1_485
0.729,0.810,0.257,0.257,0.000,0.847,0.402,1.356,7.867,0.903,0.644,0.903,0.090,0.257,0.644,487,GRIK1,GRIK1_487
0.825,0.874,0.549,0.549,0.000,0.894,0.558,0.875,4.514,0.914,0.800,0.914,0.189,0.549,0.800,49,GRIK1,GRIK1_49
0.807,0.860,0.496,0.496,0.000,0.885,0.504,0.985,5.783,0.906,0.829,0.906,0.167,0.496,0.829,5,GRIK1,GRIK1_5
0.768,0.847,0.402,0.402,0.000,0.860,0.471,1.078,5.849,0.921,0.777,0.921,0.125,0.402,0.777,517,GRIK1,GRIK1_517
0.904,0.909,0.837,0.837,0.000,0.920,0.754,0.542,1.716,0.923,0.829,0.923,0.710,0.837,0.829,526,GRIK1,GRIK1_526
0.863,0.837,0.696,0.696,0.000,0.904,0.647,0.781,3.028,0.856,0.706,0.856,0.291,0.696,0.706,53,GRIK1,GRIK1_53
0.805,0.861,0.540,0.540,0.000,0.872,0.554,0.999,4.081,0.920,0.664,0.920,0.250,0.540,0.664,551,GRIK1,GRIK1_551
0.880,0.864,0.732,0.732,0.000,0.917,0.691,0.626,2.600,0.879,0.836,0.879,0.315,0.732,0.836,583,GRIK1,GRIK1_583
0.819,0.844,0.496,0.496,0.000,0.899,0.576,0.918,4.545,0.881,0.835,0.881,0.133,0.496,0.835,596,GRIK1,GRIK1_596
0.807,0.879,0.474,0.474,0.000,0.890,0.561,0.914,5.062,0.929,0.743,0.929,0.129,0.474,0.743,599,GRIK1,GRIK1_599
0.862,0.836,0.700,0.700,0.000,0.902,0.655,0.722,3.170,0.854,0.734,0.854,0.309,0.700,0.734,611,GRIK1,GRIK1_611
0.858,0.905,0.653,0.653,0.000,0.909,0.616,0.695,3.095,0.933,0.744,0.933,0.247,0.653,0.744,614,GRIK1,GRIK1_614
0.902,0.917,0.830,0.830,0.000,0.920,0.735,0.503,1.693,0.933,0.783,0.933,0.663,0.830,0.783,618,GRIK1,GRIK1_618
0.799,0.874,0.423,0.423,0.000,0.893,0.528,0.886,5.496,0.925,0.691,0.925,0.123,0.423,0.691,622,GRIK1,GRIK1_622
0.857,0.888,0.688,0.688,0.000,0.900,0.662,0.733,2.927,0.923,0.758,0.923,0.258,0.688,0.758,626,GRIK1,GRIK1_626
0.799,0.890,0.379,0.379,0.000,0.904,0.471,0.940,6.690,0.936,0.746,0.936,0.096,0.379,0.746,627,GRIK1,GRIK1_627
0.783,0.901,0.274,0.274,0.000,0.911,0.384,0.878,7.043,0.947,0.835,0.947,0.084,0.274,0.835,629,GRIK1,GRIK1_629
0.793,0.827,0.524,0.524,0.000,0.860,0.510,0.780,3.845,0.887,0.698,0.887,0.268,0.524,0.698,647,GRIK1,GRIK1_647
0.888,0.924,0.782,0.782,0.000,0.914,0.726,0.610,2.129,0.945,0.740,0.945,0.408,0.782,0.740,65,GRIK1,GRIK1_65
0.918,0.948,0.859,0.859,0.000,0.933,0.788,0.485,1.129,0.963,0.836,0.963,0.742,0.859,0.836,683,GRIK1,GRIK1_683
0.948,0.938,0.958,0.958,0.000,0.945,0.845,0.351,0.940,0.937,0.874,0.937,0.677,0.958,0.874,689,GRIK1,GRIK1_689
0.773,0.888,0.272,0.272,0.000,0.898,0.353,0.965,7.355,0.943,0.837,0.943,0.088,0.272,0.837,704,GRIK1,GRIK1_704
0.770,0.819,0.522,0.522,0.000,0.833,0.502,1.150,4.830,0.897,0.642,0.897,0.321,0.522,0.642,706,GRIK1,GRIK1_706
0.802,0.881,0.404,0.404,0.000,0.902,0.520,0.902,6.458,0.926,0.824,0.926,0.126,0.404,0.824,710,GRIK1,GRIK1_710
0.961,0.945,0.980,0.980,0.000,0.956,0.916,0.314,0.579,0.944,0.919,0.944,0.737,0.980,0.919,718,GRIK1,GRIK1_718
0.844,0.892,0.667,0.667,0.000,0.889,0.615,0.763,2.536,0.929,0.684,0.929,0.276,0.667,0.684,72,GRIK1,GRIK1_72
0.797,0.860,0.466,0.466,0.000,0.879,0.448,1.018,6.324,0.912,0.806,0.912,0.193,0.466,0.806,730,GRIK1,GRIK1_730
0.892,0.916,0.799,0.799,0.000,0.915,0.703,0.515,2.007,0.934,0.846,0.934,0.583,0.799,0.846,731,GRIK1,GRIK1_731
0.798,0.879,0.402,0.402,0.000,0.897,0.552,1.109,6.789,0.930,0.771,0.930,0.130,0.402,0.771,732,GRIK1,GRIK1_732
0.851,0.905,0.673,0.673,0.000,0.896,0.641,0.825,3.260,0.945,0.718,0.945,0.310,0.673,0.718,739,GRIK1,GRIK1_739
0.765,0.855,0.333,0.333,0.000,0.873,0.386,1.102,7.301,0.923,0.840,0.923,0.102,0.333,0.840,740,GRIK1,GRIK1_740
0.893,0.913,0.733,0.733,0.000,0.933,0.736,0.568,3.042,0.928,0.867,0.928,0.469,0.733,0.867,742,GRIK1,GRIK1_742
0.790,0.870,0.420,0.420,0.000,0.883,0.467,1.003,6.505,0.927,0.783,0.927,0.151,0.420,0.783,743,GRIK1,GRIK1_743
0.806,0.893,0.428,0.428,0.000,0.901,0.523,0.930,6.600,0.939,0.881,0.939,0.120,0.428,0.881,746,GRIK1,GRIK1_746
0.762,0.845,0.313,0.313,0.000,0.874,0.457,1.566,10.167,0.915,0.578,0.915,0.099,0.313,0.578,760,GRIK1,GRIK1_760
0.713,0.813,0.179,0.179,0.000,0.847,0.263,1.592,11.206,0.907,0.749,0.907,0.085,0.179,0.749,786,GRIK1,GRIK1_786
0.862,0.914,0.630,0.630,0.000,0.920,0.652,0.739,4.585,0.942,0.839,0.942,0.224,0.630,0.839,8,GRIK1,GRIK1_8
0.881,0.910,0.725,0.725,0.000,0.921,0.718,0.648,2.640,0.933,0.679,0.933,0.284,0.725,0.679,804,GRIK1,GRIK1_804
0.855,0.899,0.673,0.673,0.000,0.901,0.651,0.740,3.056,0.933,0.772,0.933,0.250,0.673,0.772,807,GRIK1,GRIK1_807
0.956,0.960,0.952,0.952,0.000,0.957,0.919,0.348,0.595,0.961,0.862,0.961,0.708,0.952,0.862,810,GRIK1,GRIK1_810
0.786,0.911,0.278,0.278,0.000,0.912,0.472,0.895,8.238,0.957,0.796,0.957,0.087,0.278,0.796,811,GRIK1,GRIK1_811
0.748,0.787,0.349,0.349,0.000,0.848,0.401,1.074,5.507,0.863,0.730,0.863,0.106,0.349,0.730,812,GRIK1,GRIK1_812
0.793,0.844,0.464,0.464,0.000,0.875,0.523,1.091,5.692,0.901,0.770,0.901,0.156,0.464,0.770,814,GRIK1,GRIK1_814
0.902,0.917,0.807,0.807,0.000,0.926,0.736,0.500,1.725,0.930,0.689,0.930,0.363,0.807,0.689,819,GRIK1,GRIK1_819
0.940,0.928,0.939,0.939,0.000,0.940,0.853,0.383,0.882,0.928,0.878,0.928,0.545,0.939,0.878,820,GRIK1,GRIK1_820
0.816,0.887,0.481,0.481,0.000,0.899,0.565,0.902,5.648,0.931,0.834,0.931,0.140,0.481,0.834,826,GRIK1,GRIK1_826
0.833,0.902,0.598,0.598,0.000,0.892,0.562,0.770,4.353,0.943,0.768,0.943,0.186,0.598,0.768,831,GRIK1,GRIK1_831
0.939,0.929,0.932,0.932,0.000,0.941,0.843,0.366,0.884,0.929,0.902,0.929,0.770,0.932,0.902,833,GRIK1,GRIK1_833
0.878,0.914,0.725,0.725,0.000,0.916,0.698,0.624,2.398,0.936,0.714,0.936,0.282,0.725,0.714,839,GRIK1,GRIK1_839
0.733,0.829,0.241,0.241,0.000,0.857,0.322,1.461,8.608,0.917,0.711,0.917,0.089,0.241,0.711,840,GRIK1,GRIK1_840
0.865,0.915,0.644,0.644,0.000,0.921,0.656,0.747,4.551,0.941,0.886,0.941,0.269,0.644,0.886,849,GRIK1,GRIK1_849
0.955,0.958,0.945,0.945,0.000,0.957,0.888,0.323,0.648,0.960,0.917,0.960,0.783,0.945,0.917,878,GRIK1,GRIK1_878
0.887,0.915,0.774,0.774,0.000,0.915,0.711,0.619,2.343,0.935,0.761,0.935,0.315,0.774,0.761,881,GRIK1,GRIK1_881
0.807,0.877,0.491,0.491,0.000,0.886,0.542,1.039,6.168,0.932,0.824,0.932,0.210,0.491,0.824,915,GRIK1,GRIK1_915
0.922,0.926,0.890,0.890,0.000,0.930,0.788,0.470,1.296,0.933,0.862,0.933,0.545,0.890,0.862,921,GRIK1,GRIK1_921
0.809,0.878,0.484,0.484,0.000,0.890,0.542,0.954,5.478,0.929,0.770,0.929,0.146,0.484,0.770,938,GRIK1,GRIK1_938
0.832,0.891,0.560,0.560,0.000,0.901,0.599,0.852,4.164,0.932,0.779,0.932,0.163,0.560,0.779,957,GRIK1,GRIK1_957
0.820,0.896,0.464,0.464,0.000,0.909,0.520,0.883,6.281,0.935,0.845,0.935,0.122,0.464,0.845,960,GRIK1,GRIK1_960
0.947,0.955,0.931,0.931,0.000,0.950,0.878,0.385,0.700,0.960,0.792,0.960,0.545,0.931,0.792,97,GRIK1,GRIK1_97
0.882,0.924,0.716,0.716,0.000,0.924,0.700,0.668,3.427,0.949,0.885,0.949,0.357,0.716,0.885,977,GRIK1,GRIK1_977
0.884,0.901,0.777,0.777,0.000,0.910,0.713,0.668,2.307,0.922,0.766,0.922,0.417,0.777,0.766,983,GRIK1,GRIK1_983
0.859,0.837,0.722,0.722,0.000,0.893,0.639,0.714,2.606,0.856,0.754,0.856,0.304,0.722,0.754,995,GRIK1,GRIK1_995
0.775,0.743,0.448,0.448,0.000,0.857,0.517,1.605,12.339,0.765,0.744,0.765,0.123,0.448,0.744,10,HCRTR1,HCRTR1_10
0.855,0.745,0.763,0.763,0.000,0.878,0.693,0.837,3.496,0.745,0.881,0.745,0.193,0.763,0.881,11,HCRTR1,HCRTR1_11
0.859,0.795,0.761,0.761,0.000,0.883,0.741,0.775,3.606,0.796,0.884,0.796,0.173,0.761,0.884,122,HCRTR1,HCRTR1_122
0.806,0.787,0.489,0.489,0.000,0.885,0.657,0.963,10.422,0.794,0.938,0.794,0.110,0.489,0.938,138,HCRTR1,HCRTR1_138
0.841,0.756,0.722,0.722,0.000,0.870,0.698,0.992,4.138,0.760,0.781,0.760,0.193,0.722,0.781,148,HCRTR1,HCRTR1_148
0.737,0.739,0.289,0.289,0.000,0.849,0.414,2.221,20.954,0.771,0.824,0.771,0.104,0.289,0.824,153,HCRTR1,HCRTR1_153
0.815,0.760,0.600,0.600,0.000,0.869,0.613,1.092,5.797,0.770,0.710,0.770,0.158,0.600,0.710,161,HCRTR1,HCRTR1_161
0.906,0.757,0.948,0.948,0.000,0.896,0.886,0.670,1.593,0.751,0.955,0.751,0.465,0.948,0.955,162,HCRTR1,HCRTR1_162
0.900,0.708,0.952,0.952,0.000,0.887,0.816,0.758,1.924,0.720,0.910,0.720,0.371,0.952,0.910,166,HCRTR1,HCRTR1_166
0.861,0.759,0.777,0.777,0.000,0.882,0.716,0.843,3.468,0.760,0.894,0.760,0.180,0.777,0.894,173,HCRTR1,HCRTR1_173
0.823,0.760,0.649,0.649,0.000,0.867,0.644,1.036,5.351,0.768,0.829,0.768,0.140,0.649,0.829,179,HCRTR1,HCRTR1_179
0.835,0.743,0.676,0.676,0.000,0.874,0.624,0.914,4.360,0.747,0.824,0.747,0.152,0.676,0.824,185,HCRTR1,HCRTR1_185
0.876,0.742,0.869,0.869,0.000,0.878,0.768,0.769,2.054,0.734,0.825,0.734,0.359,0.869,0.825,187,HCRTR1,HCRTR1_187
0.832,0.752,0.702,0.702,0.000,0.864,0.636,1.005,3.806,0.757,0.727,0.757,0.158,0.702,0.727,206,HCRTR1,HCRTR1_206
0.809,0.727,0.572,0.572,0.000,0.868,0.608,1.098,6.536,0.738,0.841,0.738,0.131,0.572,0.841,209,HCRTR1,HCRTR1_209
0.862,0.769,0.789,0.789,0.000,0.880,0.709,0.790,2.860,0.769,0.781,0.769,0.251,0.789,0.781,231,HCRTR1,HCRTR1_231
0.821,0.750,0.669,0.669,0.000,0.859,0.591,0.999,4.073,0.758,0.733,0.758,0.144,0.669,0.733,233,HCRTR1,HCRTR1_233
0.865,0.784,0.789,0.789,0.000,0.884,0.769,0.814,3.235,0.784,0.843,0.784,0.263,0.789,0.843,24,HCRTR1,HCRTR1_24
0.814,0.719,0.623,0.623,0.000,0.862,0.586,1.021,4.829,0.727,0.806,0.727,0.148,0.623,0.806,242,HCRTR1,HCRTR1_242
0.847,0.734,0.744,0.744,0.000,0.873,0.677,0.857,3.671,0.735,0.873,0.735,0.153,0.744,0.873,253,HCRTR1,HCRTR1_253
0.836,0.750,0.670,0.670,0.000,0.878,0.719,1.117,7.138,0.755,0.806,0.755,0.177,0.670,0.806,276,HCRTR1,HCRTR1_276
0.828,0.721,0.681,0.681,0.000,0.865,0.621,1.057,4.802,0.725,0.806,0.725,0.147,0.681,0.806,277,HCRTR1,HCRTR1_277
0.767,0.704,0.517,0.517,0.000,0.830,0.531,1.547,7.408,0.731,0.651,0.731,0.147,0.517,0.651,283,HCRTR1,HCRTR1_283
0.854,0.783,0.759,0.759,0.000,0.877,0.666,0.851,3.231,0.785,0.790,0.785,0.220,0.759,0.790,302,HCRTR1,HCRTR1_302
0.863,0.739,0.783,0.783,0.000,0.883,0.716,0.847,3.497,0.738,0.858,0.738,0.206,0.783,0.858,309,HCRTR1,HCRTR1_309
0.836,0.758,0.709,0.709,0.000,0.868,0.623,0.953,3.633,0.762,0.755,0.762,0.146,0.709,0.755,311,HCRTR1,HCRTR1_311
0.850,0.721,0.744,0.744,0.000,0.877,0.699,0.871,4.028,0.721,0.815,0.721,0.157,0.744,0.815,331,HCRTR1,HCRTR1_331
0.825,0.735,0.640,0.640,0.000,0.871,0.668,1.156,7.693,0.742,0.851,0.742,0.175,0.640,0.851,359,HCRTR1,HCRTR1_359
0.881,0.743,0.859,0.859,0.000,0.886,0.789,0.803,3.051,0.739,0.869,0.739,0.255,0.859,0.869,37,HCRTR1,HCRTR1_37
0.873,0.753,0.796,0.796,0.000,0.892,0.814,0.919,5.541,0.753,0.930,0.753,0.307,0.796,0.930,38,HCRTR1,HCRTR1_38
0.871,0.775,0.837,0.837,0.000,0.879,0.743,0.771,2.417,0.772,0.852,0.772,0.368,0.837,0.852,389,HCRTR1,HCRTR1_389
0.864,0.778,0.804,0.804,0.000,0.879,0.731,0.796,2.727,0.777,0.777,0.777,0.223,0.804,0.777,390,HCRTR1,HCRTR1_390
0.835,0.752,0.650,0.650,0.000,0.881,0.704,1.096,7.221,0.758,0.893,0.758,0.143,0.650,0.893,4,HCRTR1,HCRTR1_4
0.825,0.750,0.644,0.644,0.000,0.870,0.630,1.049,5.765,0.758,0.789,0.758,0.127,0.644,0.789,446,HCRTR1,HCRTR1_446
0.800,0.776,0.555,0.555,0.000,0.861,0.602,1.086,5.966,0.792,0.782,0.792,0.138,0.555,0.782,448,HCRTR1,HCRTR1_448
0.784,0.699,0.527,0.527,0.000,0.849,0.559,1.430,7.642,0.715,0.730,0.715,0.144,0.527,0.730,469,HCRTR1,HCRTR1_469
0.864,0.727,0.801,0.801,0.000,0.880,0.711,0.802,2.979,0.725,0.869,0.725,0.204,0.801,0.869,484,HCRTR1,HCRTR1_484
0.831,0.751,0.680,0.680,0.000,0.868,0.633,0.976,4.292,0.757,0.708,0.757,0.154,0.680,0.708,485,HCRTR1,HCRTR1_485
0.839,0.739,0.742,0.742,0.000,0.864,0.628,0.933,3.247,0.741,0.764,0.741,0.149,0.742,0.764,487,HCRTR1,HCRTR1_487
0.845,0.759,0.726,0.726,0.000,0.874,0.644,0.875,3.663,0.762,0.835,0.762,0.171,0.726,0.835,49,HCRTR1,HCRTR1_49
0.850,0.731,0.737,0.737,0.000,0.878,0.702,1.001,5.254,0.732,0.858,0.732,0.178,0.737,0.858,5,HCRTR1,HCRTR1_5
0.834,0.735,0.706,0.706,0.000,0.866,0.640,0.957,3.822,0.739,0.816,0.739,0.169,0.706,0.816,517,HCRTR1,HCRTR1_517
0.816,0.729,0.627,0.627,0.000,0.864,0.609,1.253,6.778,0.738,0.763,0.738,0.146,0.627,0.763,526,HCRTR1,HCRTR1_526
0.828,0.737,0.661,0.661,0.000,0.869,0.621,0.932,4.365,0.742,0.774,0.742,0.150,0.661,0.774,53,HCRTR1,HCRTR1_53
0.870,0.747,0.830,0.830,0.000,0.880,0.793,0.874,2.711,0.740,0.780,0.740,0.319,0.830,0.780,551,HCRTR1,HCRTR1_551
0.879,0.762,0.849,0.849,0.000,0.887,0.819,0.814,3.387,0.759,0.937,0.759,0.356,0.849,0.937,583,HCRTR1,HCRTR1_583
0.903,0.733,0.967,0.967,0.000,0.887,0.828,0.715,1.177,0.738,0.893,0.738,0.350,0.967,0.893,596,HCRTR1,HCRTR1_596
0.831,0.767,0.677,0.677,0.000,0.870,0.632,0.916,4.157,0.773,0.815,0.773,0.147,0.677,0.815,599,HCRTR1,HCRTR1_599
0.888,0.762,0.900,0.900,0.000,0.886,0.815,0.722,1.977,0.756,0.822,0.756,0.285,0.900,0.822,611,HCRTR1,HCRTR1_611
0.851,0.781,0.753,0.753,0.000,0.875,0.661,0.819,3.415,0.784,0.845,0.784,0.157,0.753,0.845,614,HCRTR1,HCRTR1_614
0.790,0.762,0.523,0.523,0.000,0.856,0.549,1.194,6.971,0.780,0.772,0.780,0.133,0.523,0.772,618,HCRTR1,HCRTR1_618
0.836,0.751,0.683,0.683,0.000,0.874,0.644,0.937,4.621,0.756,0.749,0.756,0.144,0.683,0.749,622,HCRTR1,HCRTR1_622
0.875,0.751,0.852,0.852,0.000,0.880,0.793,0.788,2.474,0.745,0.823,0.745,0.316,0.852,0.823,626,HCRTR1,HCRTR1_626
0.843,0.738,0.709,0.709,0.000,0.877,0.652,0.868,3.971,0.740,0.811,0.740,0.136,0.709,0.811,627,HCRTR1,HCRTR1_627
0.882,0.778,0.857,0.857,0.000,0.889,0.788,0.710,2.531,0.776,0.896,0.776,0.255,0.857,0.896,629,HCRTR1,HCRTR1_629
0.827,0.727,0.703,0.703,0.000,0.857,0.611,1.066,4.364,0.731,0.740,0.731,0.157,0.703,0.740,647,HCRTR1,HCRTR1_647
0.911,0.779,0.973,0.973,0.000,0.896,0.920,0.606,1.070,0.768,0.910,0.768,0.439,0.973,0.910,65,HCRTR1,HCRTR1_65
0.862,0.748,0.813,0.813,0.000,0.874,0.710,0.828,2.654,0.745,0.802,0.745,0.247,0.813,0.802,683,HCRTR1,HCRTR1_683
0.816,0.742,0.582,0.582,0.000,0.875,0.628,1.289,11.633,0.751,0.891,0.751,0.142,0.582,0.891,689,HCRTR1,HCRTR1_689
0.856,0.775,0.750,0.750,0.000,0.882,0.698,0.869,4.282,0.777,0.892,0.777,0.160,0.750,0.892,704,HCRTR1,HCRTR1_704
0.845,0.771,0.784,0.784,0.000,0.861,0.698,0.992,3.317,0.771,0.761,0.771,0.259,0.784,0.761,706,HCRTR1,HCRTR1_706
0.851,0.767,0.732,0.732,0.000,0.880,0.688,0.845,3.677,0.770,0.834,0.770,0.162,0.732,0.834,710,HCRTR1,HCRTR1_710
0.844,0.735,0.696,0.696,0.000,0.881,0.718,1.047,7.048,0.737,0.916,0.737,0.151,0.696,0.916,718,HCRTR1,HCRTR1_718
0.836,0.789,0.715,0.715,0.000,0.866,0.640,0.953,3.602,0.795,0.740,0.795,0.162,0.715,0.740,72,HCRTR1,HCRTR1_72
0.868,0.780,0.817,0.817,0.000,0.881,0.764,0.859,3.021,0.779,0.860,0.779,0.225,0.817,0.860,730,HCRTR1,HCRTR1_730
0.820,0.757,0.646,0.646,0.000,0.864,0.601,0.999,4.528,0.766,0.761,0.766,0.143,0.646,0.761,731,HCRTR1,HCRTR1_731
0.808,0.735,0.565,0.565,0.000,0.869,0.614,1.276,8.982,0.745,0.837,0.745,0.132,0.565,0.837,732,HCRTR1,HCRTR1_732
0.770,0.763,0.445,0.445,0.000,0.852,0.523,1.711,12.062,0.790,0.752,0.790,0.137,0.445,0.752,739,HCRTR1,HCRTR1_739
0.839,0.719,0.705,0.705,0.000,0.872,0.679,1.051,5.643,0.722,0.878,0.722,0.178,0.705,0.878,740,HCRTR1,HCRTR1_740
0.851,0.760,0.717,0.717,0.000,0.884,0.759,1.047,7.635,0.762,0.901,0.762,0.206,0.717,0.901,742,HCRTR1,HCRTR1_742
0.843,0.758,0.724,0.724,0.000,0.873,0.675,0.877,3.625,0.761,0.801,0.761,0.164,0.724,0.801,743,HCRTR1,HCRTR1_743
0.807,0.697,0.543,0.543,0.000,0.873,0.618,1.362,11.642,0.705,0.926,0.705,0.138,0.543,0.926,746,HCRTR1,HCRTR1_746
0.894,0.790,0.906,0.906,0.000,0.891,0.862,0.715,1.962,0.784,0.827,0.784,0.362,0.906,0.827,760,HCRTR1,HCRTR1_760
0.805,0.742,0.576,0.576,0.000,0.862,0.583,1.090,6.089,0.755,0.790,0.755,0.140,0.576,0.790,786,HCRTR1,HCRTR1_786
0.827,0.727,0.626,0.626,0.000,0.877,0.680,1.264,9.696,0.733,0.871,0.733,0.156,0.626,0.871,8,HCRTR1,HCRTR1_8
0.794,0.732,0.510,0.510,0.000,0.864,0.595,1.302,8.315,0.746,0.695,0.746,0.126,0.510,0.695,804,HCRTR1,HCRTR1_804
0.844,0.750,0.736,0.736,0.000,0.871,0.634,0.854,3.403,0.753,0.818,0.753,0.168,0.736,0.818,807,HCRTR1,HCRTR1_807
0.781,0.719,0.447,0.447,0.000,0.865,0.583,1.287,11.817,0.732,0.786,0.732,0.111,0.447,0.786,810,HCRTR1,HCRTR1_810
0.857,0.792,0.738,0.738,0.000,0.886,0.697,0.735,3.445,0.795,0.876,0.795,0.148,0.738,0.876,811,HCRTR1,HCRTR1_811
0.853,0.776,0.765,0.765,0.000,0.875,0.700,0.954,4.027,0.779,0.822,0.779,0.234,0.765,0.822,812,HCRTR1,HCRTR1_812
0.863,0.745,0.802,0.802,0.000,0.878,0.754,1.033,5.341,0.743,0.855,0.743,0.259,0.802,0.855,814,HCRTR1,HCRTR1_814
0.865,0.767,0.812,0.812,0.000,0.878,0.749,0.821,2.966,0.765,0.805,0.765,0.218,0.812,0.805,819,HCRTR1,HCRTR1_819
0.825,0.763,0.656,0.656,0.000,0.867,0.619,0.978,4.393,0.771,0.797,0.771,0.141,0.656,0.797,820,HCRTR1,HCRTR1_820
0.824,0.765,0.608,0.608,0.000,0.878,0.700,1.165,7.645,0.774,0.874,0.774,0.165,0.608,0.874,826,HCRTR1,HCRTR1_826
0.851,0.767,0.766,0.766,0.000,0.873,0.676,0.827,3.117,0.768,0.826,0.768,0.190,0.766,0.826,831,HCRTR1,HCRTR1_831
0.849,0.768,0.734,0.734,0.000,0.877,0.699,0.957,4.564,0.771,0.800,0.771,0.186,0.734,0.800,833,HCRTR1,HCRTR1_833
0.877,0.741,0.843,0.843,0.000,0.886,0.782,0.780,2.601,0.737,0.810,0.737,0.243,0.843,0.810,839,HCRTR1,HCRTR1_839
0.855,0.736,0.775,0.775,0.000,0.875,0.688,0.874,3.208,0.734,0.824,0.734,0.185,0.775,0.824,840,HCRTR1,HCRTR1_840
0.857,0.806,0.760,0.760,0.000,0.881,0.656,0.775,3.388,0.809,0.887,0.809,0.163,0.760,0.887,849,HCRTR1,HCRTR1_849
0.850,0.721,0.733,0.733,0.000,0.879,0.687,0.863,3.981,0.721,0.852,0.721,0.138,0.733,0.852,878,HCRTR1,HCRTR1_878
0.842,0.730,0.722,0.722,0.000,0.872,0.661,0.926,3.916,0.731,0.790,0.731,0.141,0.722,0.790,881,HCRTR1,HCRTR1_881
0.837,0.701,0.715,0.715,0.000,0.868,0.647,1.003,4.681,0.702,0.859,0.702,0.154,0.715,0.859,915,HCRTR1,HCRTR1_915
0.820,0.756,0.642,0.642,0.000,0.865,0.598,0.980,4.224,0.764,0.760,0.764,0.144,0.642,0.760,921,HCRTR1,HCRTR1_921
0.846,0.736,0.718,0.718,0.000,0.878,0.720,0.954,4.555,0.738,0.865,0.738,0.196,0.718,0.865,938,HCRTR1,HCRTR1_938
0.873,0.767,0.841,0.841,0.000,0.880,0.737,0.792,2.571,0.763,0.835,0.763,0.289,0.841,0.835,957,HCRTR1,HCRTR1_957
0.867,0.735,0.794,0.794,0.000,0.885,0.758,0.861,3.986,0.733,0.889,0.733,0.266,0.794,0.889,960,HCRTR1,HCRTR1_960
0.823,0.760,0.640,0.640,0.000,0.868,0.599,1.072,5.754,0.769,0.785,0.769,0.134,0.640,0.785,97,HCRTR1,HCRTR1_97
0.753,0.718,0.322,0.322,0.000,0.860,0.487,2.047,21.118,0.739,0.921,0.739,0.155,0.322,0.921,977,HCRTR1,HCRTR1_977
0.787,0.724,0.485,0.485,0.000,0.862,0.580,1.971,15.524,0.754,0.847,0.754,0.221,0.485,0.847,983,HCRTR1,HCRTR1_983
0.833,0.775,0.692,0.692,0.000,0.869,0.665,0.939,4.087,0.783,0.828,0.783,0.164,0.692,0.828,995,HCRTR1,HCRTR1_995
0.748,0.865,0.235,0.235,0.000,0.877,0.414,1.658,14.309,0.922,0.751,0.922,0.106,0.235,0.751,10,IDH1,IDH1_10
0.838,0.898,0.574,0.574,0.000,0.904,0.458,0.575,5.248,0.919,0.847,0.919,0.179,0.574,0.847,11,IDH1,IDH1_11
0.851,0.915,0.606,0.606,0.000,0.912,0.481,0.537,4.593,0.931,0.869,0.931,0.141,0.606,0.869,122,IDH1,IDH1_122
0.785,0.896,0.242,0.242,0.000,0.921,0.529,0.648,9.541,0.914,0.929,0.914,0.094,0.242,0.929,138,IDH1,IDH1_138
0.746,0.871,0.230,0.230,0.000,0.875,0.372,1.497,13.991,0.929,0.770,0.929,0.123,0.230,0.770,148,IDH1,IDH1_148
0.784,0.884,0.379,0.379,0.000,0.885,0.487,1.033,8.770,0.930,0.815,0.930,0.133,0.379,0.815,153,IDH1,IDH1_153
0.799,0.890,0.445,0.445,0.000,0.887,0.401,0.862,7.129,0.926,0.713,0.926,0.133,0.445,0.713,161,IDH1,IDH1_161
0.784,0.898,0.313,0.313,0.000,0.902,0.456,0.817,7.788,0.927,0.892,0.927,0.105,0.313,0.892,162,IDH1,IDH1_162
0.819,0.888,0.552,0.552,0.000,0.885,0.426,0.730,5.489,0.918,0.820,0.918,0.174,0.552,0.820,166,IDH1,IDH1_166
0.817,0.893,0.488,0.488,0.000,0.899,0.489,0.666,5.704,0.916,0.871,0.916,0.120,0.488,0.871,173,IDH1,IDH1_173
0.769,0.877,0.336,0.336,0.000,0.877,0.332,0.814,7.213,0.923,0.821,0.923,0.120,0.336,0.821,179,IDH1,IDH1_179
0.809,0.885,0.449,0.449,0.000,0.899,0.421,0.815,6.966,0.915,0.827,0.915,0.129,0.449,0.827,185,IDH1,IDH1_185
0.766,0.873,0.324,0.324,0.000,0.876,0.438,1.138,8.695,0.923,0.733,0.923,0.108,0.324,0.733,187,IDH1,IDH1_187
0.859,0.906,0.722,0.722,0.000,0.893,0.543,0.556,2.622,0.928,0.725,0.928,0.271,0.722,0.725,206,IDH1,IDH1_206
0.859,0.897,0.687,0.687,0.000,0.903,0.527,0.623,4.976,0.917,0.881,0.917,0.267,0.687,0.881,209,IDH1,IDH1_209
0.819,0.892,0.537,0.537,0.000,0.890,0.428,0.745,5.729,0.921,0.697,0.921,0.146,0.537,0.697,231,IDH1,IDH1_231
0.823,0.887,0.583,0.583,0.000,0.883,0.525,0.877,5.874,0.920,0.744,0.920,0.167,0.583,0.744,233,IDH1,IDH1_233
0.745,0.872,0.206,0.206,0.000,0.880,0.428,1.084,10.091,0.922,0.770,0.922,0.101,0.206,0.770,24,IDH1,IDH1_24
0.746,0.860,0.235,0.235,0.000,0.874,0.440,1.198,11.027,0.919,0.789,0.919,0.101,0.235,0.789,242,IDH1,IDH1_242
0.777,0.883,0.339,0.339,0.000,0.886,0.330,0.864,7.419,0.921,0.875,0.921,0.107,0.339,0.875,253,IDH1,IDH1_253
0.856,0.912,0.616,0.616,0.000,0.916,0.671,0.788,6.045,0.931,0.789,0.931,0.425,0.616,0.789,276,IDH1,IDH1_276
0.877,0.907,0.785,0.785,0.000,0.900,0.555,0.489,2.394,0.923,0.858,0.923,0.372,0.785,0.858,277,IDH1,IDH1_277
0.784,0.859,0.542,0.542,0.000,0.845,0.460,0.811,4.875,0.913,0.694,0.913,0.190,0.542,0.694,283,IDH1,IDH1_283
0.816,0.900,0.506,0.506,0.000,0.894,0.423,0.707,6.414,0.928,0.768,0.928,0.143,0.506,0.768,302,IDH1,IDH1_302
0.739,0.870,0.142,0.142,0.000,0.888,0.438,1.149,13.886,0.913,0.808,0.913,0.085,0.142,0.808,309,IDH1,IDH1_309
0.845,0.894,0.661,0.661,0.000,0.891,0.478,0.619,4.016,0.919,0.725,0.919,0.177,0.661,0.725,311,IDH1,IDH1_311
0.821,0.902,0.498,0.498,0.000,0.901,0.415,0.624,5.818,0.929,0.805,0.929,0.146,0.498,0.805,331,IDH1,IDH1_331
0.847,0.895,0.633,0.633,0.000,0.900,0.501,0.669,6.065,0.919,0.834,0.919,0.205,0.633,0.834,359,IDH1,IDH1_359
0.822,0.899,0.490,0.490,0.000,0.905,0.441,0.556,5.882,0.925,0.847,0.925,0.127,0.490,0.847,37,IDH1,IDH1_37
0.761,0.890,0.194,0.194,0.000,0.903,0.499,1.151,14.648,0.924,0.916,0.924,0.099,0.194,0.916,38,IDH1,IDH1_38
0.789,0.875,0.376,0.376,0.000,0.893,0.484,1.149,9.504,0.915,0.811,0.915,0.126,0.376,0.811,389,IDH1,IDH1_389
0.818,0.903,0.533,0.533,0.000,0.890,0.389,0.643,5.080,0.932,0.709,0.932,0.136,0.533,0.709,390,IDH1,IDH1_390
0.781,0.897,0.313,0.313,0.000,0.898,0.372,0.952,9.336,0.929,0.856,0.929,0.102,0.313,0.856,4,IDH1,IDH1_4
0.797,0.881,0.432,0.432,0.000,0.889,0.490,0.877,6.302,0.915,0.770,0.915,0.123,0.432,0.770,446,IDH1,IDH1_446
0.857,0.897,0.706,0.706,0.000,0.895,0.546,0.584,3.413,0.919,0.780,0.919,0.207,0.706,0.780,448,IDH1,IDH1_448
0.767,0.859,0.413,0.413,0.000,0.855,0.389,1.065,7.288,0.915,0.718,0.915,0.138,0.413,0.718,469,IDH1,IDH1_469
0.811,0.897,0.460,0.460,0.000,0.898,0.436,0.830,7.740,0.926,0.848,0.926,0.132,0.460,0.848,484,IDH1,IDH1_484
0.780,0.878,0.352,0.352,0.000,0.887,0.442,1.062,8.398,0.922,0.647,0.922,0.116,0.352,0.647,485,IDH1,IDH1_485
0.765,0.849,0.360,0.360,0.000,0.866,0.325,0.999,7.062,0.903,0.707,0.903,0.111,0.360,0.707,487,IDH1,IDH1_487
0.796,0.885,0.430,0.430,0.000,0.888,0.429,0.849,6.948,0.920,0.813,0.920,0.126,0.430,0.813,49,IDH1,IDH1_49
0.795,0.878,0.422,0.422,0.000,0.888,0.418,0.886,7.941,0.914,0.844,0.914,0.124,0.422,0.844,5,IDH1,IDH1_5
0.798,0.883,0.491,0.491,0.000,0.875,0.406,0.919,6.855,0.926,0.796,0.926,0.158,0.491,0.796,517,IDH1,IDH1_517
0.881,0.905,0.780,0.780,0.000,0.906,0.614,0.425,1.608,0.922,0.729,0.922,0.422,0.780,0.729,526,IDH1,IDH1_526
0.758,0.882,0.243,0.243,0.000,0.887,0.444,1.186,11.818,0.931,0.778,0.931,0.098,0.243,0.778,53,IDH1,IDH1_53
0.816,0.880,0.581,0.581,0.000,0.875,0.451,0.714,4.921,0.918,0.669,0.918,0.251,0.581,0.669,551,IDH1,IDH1_551
0.834,0.904,0.513,0.513,0.000,0.914,0.615,0.882,7.561,0.927,0.907,0.927,0.183,0.513,0.907,583,IDH1,IDH1_583
0.897,0.920,0.813,0.813,0.000,0.919,0.594,0.427,2.832,0.929,0.876,0.929,0.398,0.813,0.876,596,IDH1,IDH1_596
0.857,0.919,0.699,0.699,0.000,0.897,0.476,0.505,3.455,0.938,0.807,0.938,0.223,0.699,0.807,599,IDH1,IDH1_599
0.853,0.897,0.656,0.656,0.000,0.903,0.517,0.573,4.131,0.917,0.802,0.917,0.167,0.656,0.802,611,IDH1,IDH1_611
0.829,0.905,0.517,0.517,0.000,0.907,0.565,0.857,6.688,0.931,0.794,0.931,0.140,0.517,0.794,614,IDH1,IDH1_614
0.728,0.844,0.167,0.167,0.000,0.868,0.373,1.391,14.591,0.908,0.766,0.908,0.094,0.167,0.766,618,IDH1,IDH1_618
0.783,0.880,0.362,0.362,0.000,0.888,0.365,0.801,7.233,0.917,0.737,0.917,0.110,0.362,0.737,622,IDH1,IDH1_622
0.722,0.860,0.176,0.176,0.000,0.859,0.375,1.714,14.506,0.928,0.758,0.928,0.102,0.176,0.758,626,IDH1,IDH1_626
0.831,0.905,0.536,0.536,0.000,0.904,0.464,0.677,5.695,0.926,0.810,0.926,0.135,0.536,0.810,627,IDH1,IDH1_627
0.802,0.901,0.383,0.383,0.000,0.907,0.413,0.729,7.697,0.924,0.872,0.924,0.108,0.383,0.872,629,IDH1,IDH1_629
0.789,0.865,0.483,0.483,0.000,0.865,0.369,0.823,6.191,0.911,0.790,0.911,0.137,0.483,0.790,647,IDH1,IDH1_647
0.839,0.898,0.631,0.631,0.000,0.891,0.472,0.674,4.721,0.924,0.794,0.924,0.160,0.631,0.794,65,IDH1,IDH1_65
0.786,0.851,0.395,0.395,0.000,0.884,0.489,1.156,9.743,0.894,0.776,0.894,0.134,0.395,0.776,683,IDH1,IDH1_683
0.794,0.899,0.400,0.400,0.000,0.893,0.382,0.851,7.958,0.932,0.885,0.932,0.109,0.400,0.885,689,IDH1,IDH1_689
0.818,0.897,0.480,0.480,0.000,0.902,0.459,0.668,6.561,0.921,0.886,0.921,0.122,0.480,0.886,704,IDH1,IDH1_704
0.850,0.891,0.750,0.750,0.000,0.875,0.552,0.612,2.861,0.918,0.720,0.918,0.328,0.750,0.720,706,IDH1,IDH1_706
0.887,0.922,0.782,0.782,0.000,0.913,0.598,0.446,2.800,0.933,0.882,0.933,0.276,0.782,0.882,710,IDH1,IDH1_710
0.870,0.912,0.673,0.673,0.000,0.919,0.683,0.659,4.945,0.925,0.911,0.925,0.214,0.673,0.911,718,IDH1,IDH1_718
0.817,0.872,0.565,0.565,0.000,0.880,0.468,0.816,5.571,0.907,0.716,0.907,0.170,0.565,0.716,72,IDH1,IDH1_72
0.879,0.908,0.775,0.775,0.000,0.905,0.581,0.456,2.025,0.923,0.786,0.923,0.341,0.775,0.786,730,IDH1,IDH1_730
0.783,0.880,0.380,0.380,0.000,0.883,0.453,1.163,8.867,0.925,0.736,0.925,0.126,0.380,0.736,731,IDH1,IDH1_731
0.828,0.902,0.505,0.505,0.000,0.909,0.606,1.330,12.666,0.929,0.836,0.929,0.230,0.505,0.836,732,IDH1,IDH1_732
0.901,0.924,0.841,0.841,0.000,0.916,0.739,0.570,2.301,0.933,0.781,0.933,0.439,0.841,0.781,739,IDH1,IDH1_739
0.795,0.891,0.432,0.432,0.000,0.886,0.391,0.785,7.158,0.927,0.872,0.927,0.119,0.432,0.872,740,IDH1,IDH1_740
0.917,0.931,0.855,0.855,0.000,0.932,0.797,0.457,2.505,0.936,0.895,0.936,0.501,0.855,0.895,742,IDH1,IDH1_742
0.783,0.890,0.379,0.379,0.000,0.885,0.356,0.848,7.390,0.929,0.805,0.929,0.117,0.379,0.805,743,IDH1,IDH1_743
0.801,0.894,0.414,0.414,0.000,0.897,0.417,0.769,7.260,0.924,0.904,0.924,0.120,0.414,0.904,746,IDH1,IDH1_746
0.820,0.902,0.542,0.542,0.000,0.890,0.441,0.761,5.536,0.933,0.697,0.933,0.122,0.542,0.697,760,IDH1,IDH1_760
0.904,0.912,0.881,0.881,0.000,0.910,0.659,0.392,1.389,0.921,0.814,0.921,0.407,0.881,0.814,786,IDH1,IDH1_786
0.832,0.888,0.549,0.549,0.000,0.903,0.463,0.794,8.148,0.912,0.877,0.912,0.219,0.549,0.877,8,IDH1,IDH1_8
0.738,0.866,0.178,0.178,0.000,0.878,0.402,1.206,11.423,0.921,0.652,0.921,0.095,0.178,0.652,804,IDH1,IDH1_804
0.786,0.891,0.409,0.409,0.000,0.880,0.452,1.014,7.476,0.935,0.797,0.935,0.119,0.409,0.797,807,IDH1,IDH1_807
0.844,0.859,0.570,0.570,0.000,0.913,0.561,0.865,7.973,0.878,0.778,0.878,0.149,0.570,0.778,810,IDH1,IDH1_810
0.835,0.908,0.531,0.531,0.000,0.911,0.487,0.593,5.866,0.926,0.858,0.926,0.146,0.531,0.858,811,IDH1,IDH1_811
0.791,0.883,0.461,0.461,0.000,0.874,0.406,0.956,7.272,0.930,0.746,0.930,0.130,0.461,0.746,812,IDH1,IDH1_812
0.884,0.901,0.771,0.771,0.000,0.913,0.724,0.643,3.076,0.914,0.877,0.914,0.368,0.771,0.877,814,IDH1,IDH1_814
0.902,0.907,0.856,0.856,0.000,0.913,0.653,0.419,1.645,0.913,0.794,0.913,0.214,0.856,0.794,819,IDH1,IDH1_819
0.904,0.924,0.868,0.868,0.000,0.913,0.676,0.398,1.550,0.933,0.864,0.933,0.343,0.868,0.864,820,IDH1,IDH1_820
0.864,0.908,0.713,0.713,0.000,0.902,0.522,0.571,3.928,0.924,0.912,0.924,0.286,0.713,0.912,826,IDH1,IDH1_826
0.809,0.888,0.510,0.510,0.000,0.883,0.445,0.704,5.280,0.919,0.809,0.919,0.118,0.510,0.809,831,IDH1,IDH1_831
0.919,0.920,0.890,0.890,0.000,0.926,0.801,0.423,1.545,0.923,0.884,0.923,0.582,0.890,0.884,833,IDH1,IDH1_833
0.873,0.910,0.743,0.743,0.000,0.905,0.569,0.520,3.060,0.926,0.774,0.926,0.177,0.743,0.774,839,IDH1,IDH1_839
0.720,0.859,0.127,0.127,0.000,0.868,0.373,1.543,14.894,0.924,0.772,0.924,0.086,0.127,0.772,840,IDH1,IDH1_840
0.760,0.885,0.216,0.216,0.000,0.896,0.437,0.871,9.443,0.922,0.865,0.922,0.094,0.216,0.865,849,IDH1,IDH1_849
0.817,0.895,0.455,0.455,0.000,0.907,0.453,0.722,6.638,0.918,0.831,0.918,0.117,0.455,0.831,878,IDH1,IDH1_878
0.761,0.874,0.296,0.296,0.000,0.877,0.290,0.982,7.931,0.920,0.765,0.920,0.108,0.296,0.765,881,IDH1,IDH1_881
0.925,0.922,0.915,0.915,0.000,0.928,0.821,0.411,1.183,0.924,0.914,0.924,0.624,0.915,0.914,915,IDH1,IDH1_915
0.762,0.868,0.322,0.322,0.000,0.872,0.305,0.946,7.592,0.915,0.744,0.915,0.113,0.322,0.744,921,IDH1,IDH1_921
0.743,0.874,0.198,0.198,0.000,0.879,0.365,1.259,12.819,0.928,0.848,0.928,0.099,0.198,0.848,938,IDH1,IDH1_938
0.780,0.888,0.365,0.365,0.000,0.884,0.353,0.789,7.420,0.929,0.806,0.929,0.113,0.365,0.806,957,IDH1,IDH1_957
0.795,0.894,0.382,0.382,0.000,0.898,0.381,0.758,7.233,0.922,0.858,0.922,0.111,0.382,0.858,960,IDH1,IDH1_960
0.810,0.888,0.481,0.481,0.000,0.892,0.482,0.964,6.980,0.922,0.752,0.922,0.131,0.481,0.752,97,IDH1,IDH1_97
0.788,0.883,0.361,0.361,0.000,0.895,0.397,0.799,8.023,0.918,0.885,0.918,0.124,0.361,0.885,977,IDH1,IDH1_977
0.741,0.868,0.235,0.235,0.000,0.867,0.334,1.352,12.045,0.929,0.789,0.929,0.104,0.235,0.789,983,IDH1,IDH1_983
0.809,0.875,0.517,0.517,0.000,0.882,0.418,0.823,6.119,0.911,0.810,0.911,0.160,0.517,0.810,995,IDH1,IDH1_995
0.926,0.962,0.906,0.906,0.000,0.931,0.829,0.408,0.768,0.970,0.805,0.970,0.574,0.906,0.805,10,JAK1,JAK1_10
0.952,0.975,0.976,0.976,0.000,0.946,0.919,0.324,0.453,0.975,0.951,0.975,0.797,0.976,0.951,11,JAK1,JAK1_11
0.917,0.959,0.848,0.848,0.000,0.934,0.819,0.538,2.265,0.968,0.897,0.968,0.574,0.848,0.897,122,JAK1,JAK1_122
0.932,0.975,0.885,0.885,0.000,0.944,0.841,0.349,1.060,0.978,0.936,0.978,0.244,0.885,0.936,138,JAK1,JAK1_138
0.837,0.927,0.607,0.607,0.000,0.894,0.618,0.748,2.902,0.972,0.729,0.972,0.179,0.607,0.729,148,JAK1,JAK1_148
0.947,0.970,0.963,0.963,0.000,0.943,0.904,0.360,0.515,0.972,0.851,0.972,0.535,0.963,0.851,153,JAK1,JAK1_153
0.849,0.939,0.638,0.638,0.000,0.901,0.648,0.790,3.219,0.974,0.666,0.974,0.237,0.638,0.666,161,JAK1,JAK1_161
0.879,0.951,0.708,0.708,0.000,0.922,0.708,0.545,2.201,0.969,0.892,0.969,0.220,0.708,0.892,162,JAK1,JAK1_162
0.923,0.951,0.912,0.912,0.000,0.926,0.832,0.468,0.966,0.959,0.809,0.959,0.539,0.912,0.809,166,JAK1,JAK1_166
0.860,0.946,0.642,0.642,0.000,0.914,0.671,0.654,3.042,0.970,0.861,0.970,0.199,0.642,0.861,173,JAK1,JAK1_173
0.859,0.938,0.683,0.683,0.000,0.903,0.645,0.659,2.647,0.970,0.802,0.970,0.265,0.683,0.802,179,JAK1,JAK1_179
0.892,0.953,0.774,0.774,0.000,0.922,0.726,0.553,1.737,0.970,0.798,0.970,0.281,0.774,0.798,185,JAK1,JAK1_185
0.850,0.935,0.671,0.671,0.000,0.894,0.611,0.807,2.844,0.970,0.719,0.970,0.188,0.671,0.719,187,JAK1,JAK1_187
0.856,0.914,0.760,0.760,0.000,0.881,0.706,0.997,2.823,0.937,0.769,0.937,0.339,0.760,0.769,206,JAK1,JAK1_206
0.826,0.922,0.551,0.551,0.000,0.895,0.613,0.862,3.740,0.963,0.819,0.963,0.219,0.551,0.819,209,JAK1,JAK1_209
0.903,0.960,0.828,0.828,0.000,0.922,0.749,0.505,1.412,0.975,0.706,0.975,0.389,0.828,0.706,231,JAK1,JAK1_231
0.791,0.901,0.496,0.496,0.000,0.865,0.515,1.137,4.470,0.967,0.644,0.967,0.137,0.496,0.644,233,JAK1,JAK1_233
0.827,0.932,0.554,0.554,0.000,0.896,0.568,0.839,3.669,0.974,0.771,0.974,0.229,0.554,0.771,24,JAK1,JAK1_24
0.791,0.905,0.460,0.460,0.000,0.874,0.523,1.081,5.069,0.967,0.776,0.967,0.145,0.460,0.776,242,JAK1,JAK1_242
0.813,0.918,0.490,0.490,0.000,0.894,0.589,1.205,6.690,0.961,0.849,0.961,0.145,0.490,0.849,253,JAK1,JAK1_253
0.951,0.975,0.963,0.963,0.000,0.948,0.902,0.330,0.519,0.977,0.846,0.977,0.669,0.963,0.846,276,JAK1,JAK1_276
0.942,0.971,0.949,0.949,0.000,0.941,0.878,0.356,0.621,0.975,0.918,0.975,0.708,0.949,0.918,277,JAK1,JAK1_277
0.795,0.886,0.600,0.600,0.000,0.843,0.574,1.127,3.896,0.959,0.652,0.959,0.278,0.600,0.652,283,JAK1,JAK1_283
0.871,0.946,0.702,0.702,0.000,0.913,0.662,0.643,2.459,0.971,0.716,0.971,0.171,0.702,0.716,302,JAK1,JAK1_302
0.935,0.969,0.917,0.917,0.000,0.940,0.848,0.392,0.870,0.975,0.878,0.975,0.650,0.917,0.878,309,JAK1,JAK1_309
0.783,0.892,0.459,0.459,0.000,0.863,0.526,1.216,5.012,0.947,0.676,0.947,0.127,0.459,0.676,311,JAK1,JAK1_311
0.855,0.940,0.632,0.632,0.000,0.910,0.665,0.780,3.799,0.970,0.763,0.970,0.205,0.632,0.763,331,JAK1,JAK1_331
0.829,0.925,0.576,0.576,0.000,0.892,0.577,0.943,4.116,0.962,0.866,0.962,0.227,0.576,0.866,359,JAK1,JAK1_359
0.887,0.952,0.744,0.744,0.000,0.923,0.718,0.606,2.526,0.971,0.863,0.971,0.315,0.744,0.863,37,JAK1,JAK1_37
0.933,0.970,0.901,0.901,0.000,0.941,0.867,0.357,0.832,0.976,0.943,0.976,0.579,0.901,0.943,38,JAK1,JAK1_38
0.864,0.928,0.707,0.707,0.000,0.903,0.673,0.706,2.663,0.955,0.809,0.955,0.303,0.707,0.809,389,JAK1,JAK1_389
0.778,0.904,0.365,0.365,0.000,0.881,0.527,1.260,7.264,0.963,0.665,0.963,0.114,0.365,0.665,390,JAK1,JAK1_390
0.923,0.966,0.875,0.875,0.000,0.935,0.831,0.482,1.695,0.974,0.887,0.974,0.443,0.875,0.887,4,JAK1,JAK1_4
0.857,0.935,0.658,0.658,0.000,0.907,0.648,0.744,3.035,0.967,0.742,0.967,0.212,0.658,0.742,446,JAK1,JAK1_446
0.873,0.939,0.737,0.737,0.000,0.908,0.687,0.633,2.343,0.966,0.768,0.966,0.257,0.737,0.768,448,JAK1,JAK1_448
0.923,0.949,0.981,0.981,0.000,0.908,0.895,0.468,0.628,0.944,0.909,0.944,0.714,0.981,0.909,469,JAK1,JAK1_469
0.942,0.975,0.940,0.940,0.000,0.942,0.865,0.336,0.637,0.978,0.867,0.978,0.567,0.940,0.867,484,JAK1,JAK1_484
0.873,0.945,0.729,0.729,0.000,0.909,0.676,0.690,2.070,0.972,0.679,0.972,0.198,0.729,0.679,485,JAK1,JAK1_485
0.769,0.893,0.383,0.383,0.000,0.865,0.491,1.582,7.170,0.970,0.667,0.970,0.119,0.383,0.667,487,JAK1,JAK1_487
0.862,0.939,0.690,0.690,0.000,0.905,0.649,0.649,2.132,0.965,0.804,0.965,0.290,0.690,0.804,49,JAK1,JAK1_49
0.954,0.972,0.979,0.979,0.000,0.948,0.929,0.323,0.423,0.972,0.940,0.972,0.754,0.979,0.940,5,JAK1,JAK1_5
0.815,0.914,0.567,0.567,0.000,0.877,0.576,0.995,3.996,0.964,0.779,0.964,0.190,0.567,0.779,517,JAK1,JAK1_517
0.932,0.948,0.960,0.960,0.000,0.926,0.870,0.463,0.719,0.949,0.924,0.949,0.749,0.960,0.924,526,JAK1,JAK1_526
0.798,0.913,0.448,0.448,0.000,0.885,0.547,1.194,6.160,0.965,0.725,0.965,0.125,0.448,0.725,53,JAK1,JAK1_53
0.804,0.897,0.567,0.567,0.000,0.863,0.570,1.134,4.199,0.951,0.659,0.951,0.164,0.567,0.659,551,JAK1,JAK1_551
0.954,0.974,0.974,0.974,0.000,0.949,0.930,0.313,0.434,0.975,0.937,0.975,0.777,0.974,0.937,583,JAK1,JAK1_583
0.938,0.969,0.927,0.927,0.000,0.940,0.860,0.368,0.731,0.974,0.848,0.974,0.497,0.927,0.848,596,JAK1,JAK1_596
0.804,0.921,0.476,0.476,0.000,0.887,0.541,1.158,6.051,0.970,0.763,0.970,0.148,0.476,0.763,599,JAK1,JAK1_599
0.835,0.919,0.585,0.585,0.000,0.898,0.639,1.096,5.725,0.955,0.767,0.955,0.165,0.585,0.767,611,JAK1,JAK1_611
0.950,0.974,0.966,0.966,0.000,0.946,0.911,0.341,0.527,0.975,0.845,0.975,0.586,0.966,0.845,614,JAK1,JAK1_614
0.941,0.969,0.951,0.951,0.000,0.938,0.876,0.356,0.565,0.972,0.824,0.972,0.543,0.951,0.824,618,JAK1,JAK1_618
0.942,0.970,0.943,0.943,0.000,0.942,0.874,0.318,0.453,0.974,0.856,0.974,0.796,0.943,0.856,622,JAK1,JAK1_622
0.930,0.961,0.925,0.925,0.000,0.932,0.834,0.414,0.871,0.971,0.762,0.971,0.469,0.925,0.762,626,JAK1,JAK1_626
0.848,0.943,0.585,0.585,0.000,0.913,0.655,0.836,4.319,0.972,0.857,0.972,0.237,0.585,0.857,627,JAK1,JAK1_627
0.829,0.944,0.479,0.479,0.000,0.917,0.661,1.201,8.505,0.974,0.853,0.974,0.135,0.479,0.853,629,JAK1,JAK1_629
0.744,0.858,0.378,0.378,0.000,0.835,0.462,1.551,7.381,0.939,0.746,0.939,0.124,0.378,0.746,647,JAK1,JAK1_647
0.937,0.945,0.953,0.953,0.000,0.933,0.871,0.416,0.763,0.949,0.818,0.949,0.570,0.953,0.818,65,JAK1,JAK1_65
0.830,0.922,0.606,0.606,0.000,0.886,0.602,0.894,3.440,0.968,0.726,0.968,0.240,0.606,0.726,683,JAK1,JAK1_683
0.930,0.960,0.910,0.910,0.000,0.935,0.842,0.404,0.978,0.967,0.881,0.967,0.525,0.910,0.881,689,JAK1,JAK1_689
0.923,0.965,0.877,0.877,0.000,0.935,0.826,0.418,1.097,0.973,0.858,0.973,0.397,0.877,0.858,704,JAK1,JAK1_704
0.756,0.869,0.466,0.466,0.000,0.829,0.454,1.218,5.005,0.962,0.722,0.962,0.170,0.466,0.722,706,JAK1,JAK1_706
0.852,0.943,0.615,0.615,0.000,0.912,0.635,0.759,3.522,0.971,0.832,0.971,0.174,0.615,0.832,710,JAK1,JAK1_710
0.920,0.965,0.856,0.856,0.000,0.936,0.823,0.402,1.152,0.975,0.904,0.975,0.532,0.856,0.904,718,JAK1,JAK1_718
0.801,0.913,0.509,0.509,0.000,0.875,0.530,1.092,4.099,0.970,0.671,0.970,0.179,0.509,0.671,72,JAK1,JAK1_72
0.857,0.934,0.671,0.671,0.000,0.904,0.652,0.763,3.049,0.967,0.797,0.967,0.205,0.671,0.797,730,JAK1,JAK1_730
0.893,0.955,0.813,0.813,0.000,0.914,0.733,0.534,1.607,0.974,0.712,0.974,0.253,0.813,0.712,731,JAK1,JAK1_731
0.947,0.973,0.950,0.950,0.000,0.946,0.905,0.323,0.493,0.976,0.868,0.976,0.668,0.950,0.868,732,JAK1,JAK1_732
0.935,0.965,0.931,0.931,0.000,0.936,0.869,0.401,0.587,0.971,0.812,0.971,0.565,0.931,0.812,739,JAK1,JAK1_739
0.883,0.945,0.766,0.766,0.000,0.912,0.700,0.575,1.867,0.967,0.869,0.967,0.296,0.766,0.869,740,JAK1,JAK1_740
0.954,0.977,0.970,0.970,0.000,0.950,0.915,0.311,0.481,0.978,0.908,0.978,0.725,0.970,0.908,742,JAK1,JAK1_742
0.853,0.939,0.651,0.651,0.000,0.903,0.631,0.692,2.734,0.972,0.774,0.972,0.246,0.651,0.774,743,JAK1,JAK1_743
0.953,0.973,0.967,0.967,0.000,0.949,0.933,0.313,0.468,0.975,0.942,0.975,0.701,0.967,0.942,746,JAK1,JAK1_746
0.832,0.929,0.582,0.582,0.000,0.895,0.617,0.948,3.937,0.968,0.612,0.968,0.163,0.582,0.612,760,JAK1,JAK1_760
0.871,0.943,0.729,0.729,0.000,0.906,0.683,0.855,3.496,0.972,0.755,0.972,0.296,0.729,0.755,786,JAK1,JAK1_786
0.956,0.973,0.984,0.984,0.000,0.949,0.939,0.311,0.381,0.973,0.912,0.973,0.672,0.984,0.912,8,JAK1,JAK1_8
0.880,0.946,0.716,0.716,0.000,0.921,0.741,0.516,1.568,0.974,0.660,0.974,0.545,0.716,0.660,804,JAK1,JAK1_804
0.941,0.968,0.945,0.945,0.000,0.940,0.873,0.374,0.688,0.973,0.853,0.973,0.545,0.945,0.853,807,JAK1,JAK1_807
0.854,0.943,0.609,0.609,0.000,0.915,0.670,0.758,3.625,0.971,0.727,0.971,0.166,0.609,0.727,810,JAK1,JAK1_810
0.957,0.979,0.978,0.978,0.000,0.951,0.918,0.298,0.432,0.979,0.901,0.979,0.511,0.978,0.901,811,JAK1,JAK1_811
0.908,0.956,0.857,0.857,0.000,0.921,0.779,0.518,1.437,0.973,0.882,0.973,0.608,0.857,0.882,812,JAK1,JAK1_812
0.942,0.965,0.959,0.959,0.000,0.938,0.894,0.389,0.615,0.968,0.888,0.968,0.535,0.959,0.888,814,JAK1,JAK1_814
0.909,0.966,0.841,0.841,0.000,0.926,0.756,0.463,1.278,0.978,0.735,0.978,0.385,0.841,0.735,819,JAK1,JAK1_819
0.783,0.902,0.413,0.413,0.000,0.876,0.479,1.552,9.201,0.965,0.791,0.965,0.164,0.413,0.791,820,JAK1,JAK1_820
0.952,0.977,0.974,0.974,0.000,0.946,0.921,0.298,0.386,0.978,0.937,0.978,0.758,0.974,0.937,826,JAK1,JAK1_826
0.840,0.932,0.605,0.605,0.000,0.899,0.631,0.750,3.259,0.971,0.796,0.971,0.214,0.605,0.796,831,JAK1,JAK1_831
0.948,0.974,0.954,0.954,0.000,0.947,0.895,0.345,0.567,0.977,0.917,0.977,0.681,0.954,0.917,833,JAK1,JAK1_833
0.887,0.955,0.772,0.772,0.000,0.916,0.705,0.578,1.842,0.974,0.698,0.974,0.370,0.772,0.698,839,JAK1,JAK1_839
0.831,0.923,0.608,0.608,0.000,0.887,0.615,0.842,3.060,0.965,0.806,0.965,0.234,0.608,0.806,840,JAK1,JAK1_840
0.891,0.958,0.758,0.758,0.000,0.924,0.730,0.565,2.238,0.974,0.872,0.974,0.243,0.758,0.872,849,JAK1,JAK1_849
0.944,0.975,0.945,0.945,0.000,0.944,0.885,0.370,0.860,0.978,0.902,0.978,0.591,0.945,0.902,878,JAK1,JAK1_878
0.805,0.916,0.485,0.485,0.000,0.885,0.558,1.090,5.219,0.965,0.742,0.965,0.130,0.485,0.742,881,JAK1,JAK1_881
0.847,0.937,0.646,0.646,0.000,0.898,0.595,0.678,2.434,0.974,0.875,0.974,0.256,0.646,0.875,915,JAK1,JAK1_915
0.824,0.924,0.568,0.568,0.000,0.889,0.588,0.928,3.894,0.971,0.745,0.971,0.171,0.568,0.745,921,JAK1,JAK1_921
0.830,0.929,0.561,0.561,0.000,0.897,0.604,0.775,3.595,0.974,0.791,0.974,0.225,0.561,0.791,938,JAK1,JAK1_938
0.897,0.956,0.808,0.808,0.000,0.919,0.729,0.521,1.656,0.973,0.822,0.973,0.316,0.808,0.822,957,JAK1,JAK1_957
0.917,0.963,0.852,0.852,0.000,0.933,0.800,0.382,1.009,0.973,0.861,0.973,0.499,0.852,0.861,960,JAK1,JAK1_960
0.938,0.965,0.938,0.938,0.000,0.937,0.870,0.387,0.674,0.969,0.837,0.969,0.593,0.938,0.837,97,JAK1,JAK1_97
0.941,0.968,0.938,0.938,0.000,0.941,0.880,0.364,0.692,0.972,0.926,0.972,0.632,0.938,0.926,977,JAK1,JAK1_977
0.939,0.969,0.940,0.940,0.000,0.938,0.864,0.393,0.708,0.975,0.823,0.975,0.587,0.940,0.823,983,JAK1,JAK1_983
0.918,0.942,0.924,0.924,0.000,0.917,0.841,0.539,1.076,0.946,0.917,0.946,0.658,0.924,0.917,995,JAK1,JAK1_995
0.749,0.767,0.549,0.549,0.000,0.799,0.540,2.488,9.645,0.777,0.793,0.777,0.169,0.549,0.793,10,KDM1A,KDM1A_10
0.842,0.798,0.934,0.934,0.000,0.820,0.847,1.909,3.520,0.794,0.939,0.794,0.447,0.934,0.939,11,KDM1A,KDM1A_11
0.820,0.776,0.812,0.812,0.000,0.822,0.766,2.163,5.844,0.775,0.930,0.775,0.318,0.812,0.930,122,KDM1A,KDM1A_122
0.749,0.781,0.456,0.456,0.000,0.822,0.612,2.273,11.870,0.786,0.960,0.786,0.137,0.456,0.960,138,KDM1A,KDM1A_138
0.753,0.763,0.565,0.565,0.000,0.800,0.563,2.395,8.916,0.772,0.792,0.772,0.169,0.565,0.792,148,KDM1A,KDM1A_148
0.772,0.772,0.638,0.638,0.000,0.805,0.580,2.380,8.613,0.779,0.864,0.779,0.182,0.638,0.864,153,KDM1A,KDM1A_153
0.814,0.789,0.819,0.819,0.000,0.812,0.720,2.204,6.406,0.788,0.828,0.788,0.358,0.819,0.828,161,KDM1A,KDM1A_161
0.801,0.802,0.758,0.758,0.000,0.812,0.664,1.913,5.647,0.804,0.930,0.804,0.192,0.758,0.930,162,KDM1A,KDM1A_162
0.770,0.776,0.625,0.625,0.000,0.806,0.654,2.503,10.073,0.783,0.840,0.783,0.285,0.625,0.840,166,KDM1A,KDM1A_166
0.831,0.784,0.891,0.891,0.000,0.816,0.736,2.003,4.561,0.782,0.923,0.782,0.322,0.891,0.923,173,KDM1A,KDM1A_173
0.826,0.783,0.859,0.859,0.000,0.818,0.714,2.199,6.237,0.780,0.914,0.780,0.360,0.859,0.914,179,KDM1A,KDM1A_179
0.812,0.789,0.817,0.817,0.000,0.810,0.681,1.983,5.368,0.788,0.910,0.788,0.315,0.817,0.910,185,KDM1A,KDM1A_185
0.792,0.785,0.753,0.753,0.000,0.802,0.612,2.043,5.812,0.787,0.823,0.787,0.202,0.753,0.823,187,KDM1A,KDM1A_187
0.798,0.778,0.773,0.773,0.000,0.804,0.674,2.088,6.316,0.779,0.801,0.779,0.248,0.773,0.801,206,KDM1A,KDM1A_206
0.830,0.782,0.891,0.891,0.000,0.814,0.765,1.856,3.866,0.778,0.922,0.778,0.383,0.891,0.922,209,KDM1A,KDM1A_209
0.832,0.788,0.896,0.896,0.000,0.816,0.827,1.931,4.299,0.785,0.831,0.785,0.385,0.896,0.831,231,KDM1A,KDM1A_231
0.794,0.781,0.755,0.755,0.000,0.804,0.613,1.987,5.801,0.783,0.789,0.783,0.210,0.755,0.789,233,KDM1A,KDM1A_233
0.836,0.803,0.894,0.894,0.000,0.822,0.818,1.965,4.342,0.800,0.914,0.800,0.404,0.894,0.914,24,KDM1A,KDM1A_24
0.816,0.785,0.843,0.843,0.000,0.810,0.753,2.168,5.864,0.783,0.910,0.783,0.399,0.843,0.910,242,KDM1A,KDM1A_242
0.808,0.784,0.812,0.812,0.000,0.808,0.713,2.115,5.764,0.784,0.914,0.784,0.246,0.812,0.914,253,KDM1A,KDM1A_253
0.827,0.782,0.863,0.863,0.000,0.818,0.830,2.052,4.194,0.781,0.887,0.781,0.503,0.863,0.887,276,KDM1A,KDM1A_276
0.806,0.777,0.811,0.811,0.000,0.805,0.690,2.018,4.975,0.776,0.848,0.776,0.228,0.811,0.848,277,KDM1A,KDM1A_277
0.800,0.771,0.754,0.754,0.000,0.811,0.712,2.258,7.295,0.773,0.813,0.773,0.424,0.754,0.813,283,KDM1A,KDM1A_283
0.814,0.789,0.822,0.822,0.000,0.812,0.732,2.048,5.555,0.788,0.855,0.788,0.275,0.822,0.855,302,KDM1A,KDM1A_302
0.783,0.776,0.659,0.659,0.000,0.814,0.727,2.319,7.907,0.780,0.892,0.780,0.292,0.659,0.892,309,KDM1A,KDM1A_309
0.825,0.791,0.848,0.848,0.000,0.819,0.764,2.019,5.239,0.789,0.815,0.789,0.265,0.848,0.815,311,KDM1A,KDM1A_311
0.815,0.784,0.803,0.803,0.000,0.818,0.735,2.139,6.837,0.784,0.877,0.784,0.317,0.803,0.877,331,KDM1A,KDM1A_331
0.820,0.780,0.853,0.853,0.000,0.812,0.748,2.086,5.537,0.778,0.920,0.778,0.372,0.853,0.920,359,KDM1A,KDM1A_359
0.854,0.788,0.964,0.964,0.000,0.826,0.808,1.975,6.386,0.783,0.959,0.783,0.550,0.964,0.959,37,KDM1A,KDM1A_37
0.834,0.793,0.883,0.883,0.000,0.822,0.826,1.980,3.682,0.791,0.968,0.791,0.414,0.883,0.968,38,KDM1A,KDM1A_38
0.778,0.769,0.681,0.681,0.000,0.802,0.590,2.345,7.746,0.773,0.871,0.773,0.215,0.681,0.871,389,KDM1A,KDM1A_389
0.767,0.782,0.622,0.622,0.000,0.803,0.566,2.393,8.728,0.789,0.776,0.789,0.183,0.622,0.776,390,KDM1A,KDM1A_390
0.795,0.785,0.722,0.722,0.000,0.813,0.753,2.237,8.094,0.787,0.919,0.787,0.310,0.722,0.919,4,KDM1A,KDM1A_4
0.785,0.775,0.708,0.708,0.000,0.804,0.598,2.114,6.208,0.778,0.842,0.778,0.190,0.708,0.842,446,KDM1A,KDM1A_446
0.774,0.764,0.661,0.661,0.000,0.803,0.599,2.367,7.816,0.768,0.827,0.768,0.177,0.661,0.827,448,KDM1A,KDM1A_448
0.820,0.785,0.853,0.853,0.000,0.811,0.767,2.042,6.228,0.782,0.839,0.782,0.418,0.853,0.839,469,KDM1A,KDM1A_469
0.814,0.789,0.803,0.803,0.000,0.817,0.680,2.023,5.317,0.789,0.891,0.789,0.224,0.803,0.891,484,KDM1A,KDM1A_484
0.762,0.785,0.612,0.612,0.000,0.800,0.592,2.215,7.346,0.792,0.731,0.792,0.179,0.612,0.731,485,KDM1A,KDM1A_485
0.778,0.770,0.662,0.662,0.000,0.808,0.578,2.368,8.132,0.776,0.770,0.776,0.185,0.662,0.770,487,KDM1A,KDM1A_487
0.774,0.775,0.651,0.651,0.000,0.804,0.591,2.260,7.785,0.780,0.853,0.780,0.251,0.651,0.853,49,KDM1A,KDM1A_49
0.751,0.777,0.551,0.551,0.000,0.801,0.557,2.434,9.619,0.786,0.873,0.786,0.194,0.551,0.873,5,KDM1A,KDM1A_5
0.780,0.780,0.711,0.711,0.000,0.797,0.592,2.213,6.645,0.784,0.870,0.784,0.198,0.711,0.870,517,KDM1A,KDM1A_517
0.763,0.772,0.615,0.615,0.000,0.799,0.567,2.383,8.351,0.780,0.781,0.780,0.161,0.615,0.781,526,KDM1A,KDM1A_526
0.796,0.768,0.739,0.739,0.000,0.810,0.669,2.160,6.411,0.770,0.846,0.770,0.231,0.739,0.846,53,KDM1A,KDM1A_53
0.830,0.786,0.888,0.888,0.000,0.816,0.776,2.086,5.756,0.781,0.845,0.781,0.455,0.888,0.845,551,KDM1A,KDM1A_551
0.809,0.786,0.806,0.806,0.000,0.809,0.691,2.073,5.011,0.786,0.916,0.786,0.229,0.806,0.916,583,KDM1A,KDM1A_583
0.837,0.785,0.906,0.906,0.000,0.820,0.883,2.191,3.930,0.782,0.906,0.782,0.422,0.906,0.906,596,KDM1A,KDM1A_596
0.798,0.781,0.750,0.750,0.000,0.810,0.688,2.173,6.792,0.783,0.849,0.783,0.249,0.750,0.849,599,KDM1A,KDM1A_599
0.813,0.783,0.820,0.820,0.000,0.811,0.734,2.085,5.554,0.782,0.878,0.782,0.293,0.820,0.878,611,KDM1A,KDM1A_611
0.821,0.785,0.847,0.847,0.000,0.815,0.711,2.066,4.523,0.783,0.871,0.783,0.243,0.847,0.871,614,KDM1A,KDM1A_614
0.766,0.766,0.624,0.624,0.000,0.802,0.549,2.223,8.099,0.773,0.819,0.773,0.168,0.624,0.819,618,KDM1A,KDM1A_618
0.778,0.782,0.647,0.647,0.000,0.811,0.601,2.153,7.911,0.787,0.805,0.787,0.166,0.647,0.805,622,KDM1A,KDM1A_622
0.807,0.784,0.795,0.795,0.000,0.810,0.631,2.042,5.613,0.784,0.860,0.784,0.253,0.795,0.860,626,KDM1A,KDM1A_626
0.812,0.794,0.802,0.802,0.000,0.815,0.658,1.888,4.731,0.795,0.872,0.795,0.254,0.802,0.872,627,KDM1A,KDM1A_627
0.798,0.787,0.747,0.747,0.000,0.811,0.631,2.183,6.708,0.789,0.923,0.789,0.188,0.747,0.923,629,KDM1A,KDM1A_629
0.770,0.782,0.674,0.674,0.000,0.794,0.600,2.369,8.729,0.788,0.845,0.788,0.236,0.674,0.845,647,KDM1A,KDM1A_647
0.794,0.788,0.751,0.751,0.000,0.805,0.637,2.087,6.448,0.789,0.799,0.789,0.244,0.751,0.799,65,KDM1A,KDM1A_65
0.767,0.769,0.628,0.628,0.000,0.801,0.551,2.503,9.210,0.777,0.813,0.777,0.175,0.628,0.813,683,KDM1A,KDM1A_683
0.757,0.761,0.528,0.528,0.000,0.814,0.702,2.586,12.537,0.769,0.911,0.769,0.269,0.528,0.911,689,KDM1A,KDM1A_689
0.769,0.776,0.599,0.599,0.000,0.812,0.526,2.286,9.154,0.781,0.918,0.781,0.161,0.599,0.918,704,KDM1A,KDM1A_704
0.753,0.760,0.583,0.583,0.000,0.796,0.660,2.910,13.006,0.774,0.834,0.774,0.267,0.583,0.834,706,KDM1A,KDM1A_706
0.821,0.784,0.850,0.850,0.000,0.814,0.741,1.982,5.185,0.782,0.913,0.782,0.311,0.850,0.913,710,KDM1A,KDM1A_710
0.737,0.778,0.471,0.471,0.000,0.804,0.508,2.452,11.255,0.786,0.936,0.786,0.183,0.471,0.936,718,KDM1A,KDM1A_718
0.776,0.770,0.679,0.679,0.000,0.801,0.600,2.549,7.607,0.774,0.795,0.774,0.216,0.679,0.795,72,KDM1A,KDM1A_72
0.819,0.785,0.844,0.844,0.000,0.813,0.734,2.062,4.920,0.783,0.891,0.783,0.364,0.844,0.891,730,KDM1A,KDM1A_730
0.839,0.797,0.914,0.914,0.000,0.821,0.784,1.906,5.277,0.792,0.924,0.792,0.475,0.914,0.924,731,KDM1A,KDM1A_731
0.781,0.778,0.682,0.682,0.000,0.806,0.556,2.147,6.935,0.782,0.863,0.782,0.191,0.682,0.863,732,KDM1A,KDM1A_732
0.801,0.777,0.754,0.754,0.000,0.813,0.690,2.164,6.600,0.779,0.785,0.779,0.312,0.754,0.785,739,KDM1A,KDM1A_739
0.805,0.783,0.779,0.779,0.000,0.811,0.658,2.254,6.535,0.783,0.921,0.783,0.233,0.779,0.921,740,KDM1A,KDM1A_740
0.851,0.781,0.975,0.975,0.000,0.820,0.952,2.053,1.338,0.776,0.951,0.776,0.626,0.975,0.951,742,KDM1A,KDM1A_742
0.797,0.773,0.766,0.766,0.000,0.805,0.621,2.252,6.408,0.773,0.848,0.773,0.227,0.766,0.848,743,KDM1A,KDM1A_743
0.746,0.769,0.523,0.523,0.000,0.802,0.577,2.424,10.261,0.777,0.932,0.777,0.169,0.523,0.932,746,KDM1A,KDM1A_746
0.786,0.784,0.709,0.709,0.000,0.805,0.565,2.136,6.604,0.787,0.743,0.787,0.176,0.709,0.743,760,KDM1A,KDM1A_760
0.710,0.756,0.362,0.362,0.000,0.796,0.500,2.569,13.409,0.774,0.815,0.774,0.186,0.362,0.815,786,KDM1A,KDM1A_786
0.770,0.766,0.634,0.634,0.000,0.804,0.537,2.586,9.228,0.770,0.900,0.770,0.162,0.634,0.900,8,KDM1A,KDM1A_8
0.818,0.773,0.834,0.834,0.000,0.814,0.718,2.140,5.526,0.771,0.793,0.771,0.341,0.834,0.793,804,KDM1A,KDM1A_804
0.785,0.779,0.715,0.715,0.000,0.803,0.586,2.126,6.540,0.783,0.842,0.783,0.230,0.715,0.842,807,KDM1A,KDM1A_807
0.777,0.767,0.632,0.632,0.000,0.813,0.674,2.725,9.388,0.771,0.836,0.771,0.177,0.632,0.836,810,KDM1A,KDM1A_810
0.803,0.788,0.756,0.756,0.000,0.815,0.702,2.034,6.355,0.789,0.896,0.789,0.278,0.756,0.896,811,KDM1A,KDM1A_811
0.795,0.785,0.746,0.746,0.000,0.807,0.606,2.126,6.894,0.788,0.800,0.788,0.210,0.746,0.800,812,KDM1A,KDM1A_812
0.762,0.770,0.613,0.613,0.000,0.799,0.576,2.437,8.725,0.777,0.849,0.777,0.179,0.613,0.849,814,KDM1A,KDM1A_814
0.839,0.784,0.917,0.917,0.000,0.820,0.805,2.023,4.228,0.780,0.859,0.780,0.393,0.917,0.859,819,KDM1A,KDM1A_819
0.788,0.775,0.722,0.722,0.000,0.805,0.580,2.190,6.944,0.778,0.829,0.778,0.218,0.722,0.829,820,KDM1A,KDM1A_820
0.804,0.775,0.791,0.791,0.000,0.808,0.724,2.108,6.076,0.776,0.957,0.776,0.424,0.791,0.957,826,KDM1A,KDM1A_826
0.762,0.769,0.596,0.596,0.000,0.804,0.543,2.432,9.679,0.776,0.861,0.776,0.166,0.596,0.861,831,KDM1A,KDM1A_831
0.777,0.779,0.676,0.676,0.000,0.802,0.585,2.329,8.021,0.783,0.854,0.783,0.205,0.676,0.854,833,KDM1A,KDM1A_833
0.840,0.787,0.928,0.928,0.000,0.818,0.846,2.082,3.881,0.782,0.832,0.782,0.406,0.928,0.832,839,KDM1A,KDM1A_839
0.774,0.778,0.667,0.667,0.000,0.801,0.621,2.307,8.138,0.783,0.823,0.783,0.203,0.667,0.823,840,KDM1A,KDM1A_840
0.838,0.790,0.915,0.915,0.000,0.818,0.781,1.869,4.053,0.786,0.956,0.786,0.407,0.915,0.956,849,KDM1A,KDM1A_849
0.853,0.791,0.966,0.966,0.000,0.825,0.884,1.932,2.530,0.787,0.911,0.787,0.407,0.966,0.911,878,KDM1A,KDM1A_878
0.821,0.777,0.853,0.853,0.000,0.813,0.716,2.277,5.680,0.774,0.861,0.774,0.293,0.853,0.861,881,KDM1A,KDM1A_881
0.780,0.779,0.684,0.684,0.000,0.803,0.553,2.127,7.189,0.783,0.907,0.783,0.201,0.684,0.907,915,KDM1A,KDM1A_915
0.802,0.780,0.776,0.776,0.000,0.808,0.679,2.118,5.953,0.780,0.841,0.780,0.274,0.776,0.841,921,KDM1A,KDM1A_921
0.762,0.765,0.597,0.597,0.000,0.803,0.548,2.459,9.644,0.772,0.883,0.772,0.187,0.597,0.883,938,KDM1A,KDM1A_938
0.802,0.782,0.783,0.783,0.000,0.806,0.643,2.201,6.332,0.782,0.843,0.782,0.211,0.783,0.843,957,KDM1A,KDM1A_957
0.753,0.776,0.533,0.533,0.000,0.808,0.487,2.415,10.185,0.783,0.895,0.783,0.159,0.533,0.895,960,KDM1A,KDM1A_960
0.772,0.777,0.638,0.638,0.000,0.805,0.597,2.198,7.633,0.784,0.817,0.784,0.181,0.638,0.817,97,KDM1A,KDM1A_97
0.833,0.788,0.880,0.880,0.000,0.821,0.828,1.966,4.556,0.786,0.933,0.786,0.486,0.880,0.933,977,KDM1A,KDM1A_977
0.770,0.763,0.645,0.645,0.000,0.801,0.611,2.522,7.986,0.770,0.854,0.770,0.212,0.645,0.854,983,KDM1A,KDM1A_983
0.783,0.772,0.695,0.695,0.000,0.804,0.579,2.272,6.936,0.775,0.869,0.775,0.207,0.695,0.869,995,KDM1A,KDM1A_995
0.807,0.897,0.629,0.629,0.000,0.851,0.578,0.935,4.013,0.937,0.743,0.937,0.234,0.629,0.743,10,NR4A1,NR4A1_10
0.762,0.888,0.415,0.415,0.000,0.849,0.479,1.127,6.762,0.934,0.790,0.934,0.109,0.415,0.790,11,NR4A1,NR4A1_11
0.742,0.878,0.282,0.282,0.000,0.857,0.448,1.303,8.287,0.923,0.816,0.923,0.079,0.282,0.816,122,NR4A1,NR4A1_122
0.779,0.912,0.377,0.377,0.000,0.879,0.554,0.825,6.724,0.936,0.900,0.936,0.090,0.377,0.900,138,NR4A1,NR4A1_138
0.840,0.901,0.742,0.742,0.000,0.865,0.687,0.847,3.217,0.927,0.749,0.927,0.259,0.742,0.749,148,NR4A1,NR4A1_148
0.762,0.874,0.470,0.470,0.000,0.834,0.478,1.079,5.723,0.935,0.778,0.935,0.140,0.470,0.778,153,NR4A1,NR4A1_153
0.789,0.891,0.570,0.570,0.000,0.844,0.543,1.029,5.332,0.934,0.663,0.934,0.179,0.570,0.663,161,NR4A1,NR4A1_161
0.747,0.895,0.312,0.312,0.000,0.856,0.451,1.184,7.967,0.943,0.862,0.943,0.095,0.312,0.862,162,NR4A1,NR4A1_162
0.701,0.839,0.255,0.255,0.000,0.813,0.480,1.629,9.591,0.918,0.740,0.918,0.100,0.255,0.740,166,NR4A1,NR4A1_166
0.739,0.869,0.306,0.306,0.000,0.848,0.460,1.434,9.092,0.920,0.839,0.920,0.094,0.306,0.839,173,NR4A1,NR4A1_173
0.707,0.844,0.271,0.271,0.000,0.816,0.399,1.290,7.935,0.923,0.776,0.923,0.098,0.271,0.776,179,NR4A1,NR4A1_179
0.755,0.880,0.390,0.390,0.000,0.846,0.467,1.106,6.228,0.932,0.757,0.932,0.099,0.390,0.757,185,NR4A1,NR4A1_185
0.740,0.864,0.410,0.410,0.000,0.822,0.429,1.153,5.711,0.931,0.681,0.931,0.112,0.410,0.681,187,NR4A1,NR4A1_187
0.739,0.854,0.459,0.459,0.000,0.809,0.426,1.460,6.603,0.920,0.644,0.920,0.112,0.459,0.644,206,NR4A1,NR4A1_206
0.745,0.867,0.387,0.387,0.000,0.834,0.479,1.523,7.978,0.929,0.782,0.929,0.131,0.387,0.782,209,NR4A1,NR4A1_209
0.751,0.868,0.417,0.417,0.000,0.834,0.465,1.562,8.780,0.924,0.663,0.924,0.117,0.417,0.663,231,NR4A1,NR4A1_231
0.693,0.829,0.279,0.279,0.000,0.796,0.391,1.677,8.781,0.930,0.653,0.930,0.099,0.279,0.653,233,NR4A1,NR4A1_233
0.774,0.884,0.480,0.480,0.000,0.847,0.533,1.131,5.418,0.935,0.742,0.935,0.121,0.480,0.742,24,NR4A1,NR4A1_24
0.772,0.867,0.515,0.515,0.000,0.836,0.495,1.144,6.553,0.923,0.813,0.923,0.185,0.515,0.813,242,NR4A1,NR4A1_242
0.718,0.861,0.263,0.263,0.000,0.832,0.340,1.280,8.017,0.928,0.831,0.928,0.082,0.263,0.831,253,NR4A1,NR4A1_253
0.819,0.907,0.604,0.604,0.000,0.873,0.683,1.171,6.217,0.940,0.760,0.940,0.318,0.604,0.760,276,NR4A1,NR4A1_276
0.746,0.856,0.424,0.424,0.000,0.827,0.514,1.108,5.551,0.915,0.769,0.915,0.133,0.424,0.769,277,NR4A1,NR4A1_277
0.652,0.774,0.244,0.244,0.000,0.753,0.333,1.948,11.515,0.923,0.641,0.923,0.095,0.244,0.641,283,NR4A1,NR4A1_283
0.717,0.862,0.260,0.260,0.000,0.831,0.323,1.263,7.937,0.930,0.713,0.930,0.084,0.260,0.713,302,NR4A1,NR4A1_302
0.862,0.927,0.782,0.782,0.000,0.882,0.703,0.578,1.884,0.942,0.794,0.942,0.204,0.782,0.794,309,NR4A1,NR4A1_309
0.782,0.877,0.553,0.553,0.000,0.839,0.546,1.270,6.066,0.924,0.665,0.924,0.156,0.553,0.665,311,NR4A1,NR4A1_311
0.760,0.869,0.448,0.448,0.000,0.839,0.438,1.370,8.752,0.915,0.755,0.915,0.105,0.448,0.755,331,NR4A1,NR4A1_331
0.781,0.884,0.518,0.518,0.000,0.847,0.524,1.060,5.348,0.930,0.770,0.930,0.143,0.518,0.770,359,NR4A1,NR4A1_359
0.845,0.916,0.731,0.731,0.000,0.873,0.621,0.610,2.462,0.935,0.790,0.935,0.275,0.731,0.790,37,NR4A1,NR4A1_37
0.797,0.903,0.522,0.522,0.000,0.866,0.568,1.088,6.662,0.936,0.909,0.936,0.203,0.522,0.909,38,NR4A1,NR4A1_38
0.754,0.876,0.444,0.444,0.000,0.832,0.459,1.054,5.710,0.933,0.781,0.933,0.118,0.444,0.781,389,NR4A1,NR4A1_389
0.727,0.859,0.289,0.289,0.000,0.836,0.397,1.369,7.832,0.928,0.653,0.928,0.085,0.289,0.653,390,NR4A1,NR4A1_390
0.825,0.901,0.653,0.653,0.000,0.868,0.662,0.896,4.432,0.924,0.858,0.924,0.210,0.653,0.858,4,NR4A1,NR4A1_4
0.756,0.869,0.417,0.417,0.000,0.841,0.546,1.234,6.537,0.924,0.726,0.924,0.128,0.417,0.726,446,NR4A1,NR4A1_446
0.839,0.904,0.774,0.774,0.000,0.855,0.702,0.710,1.849,0.923,0.763,0.923,0.350,0.774,0.763,448,NR4A1,NR4A1_448
0.720,0.844,0.393,0.393,0.000,0.801,0.437,1.255,5.515,0.928,0.668,0.928,0.130,0.393,0.668,469,NR4A1,NR4A1_469
0.762,0.886,0.413,0.413,0.000,0.849,0.482,1.643,10.352,0.933,0.809,0.933,0.161,0.413,0.809,484,NR4A1,NR4A1_484
0.701,0.843,0.228,0.228,0.000,0.819,0.301,1.489,8.005,0.926,0.600,0.926,0.080,0.228,0.600,485,NR4A1,NR4A1_485
0.702,0.833,0.312,0.312,0.000,0.799,0.370,1.604,8.956,0.924,0.682,0.924,0.109,0.312,0.682,487,NR4A1,NR4A1_487
0.730,0.859,0.325,0.325,0.000,0.831,0.482,1.442,8.030,0.924,0.759,0.924,0.101,0.325,0.759,49,NR4A1,NR4A1_49
0.716,0.851,0.268,0.268,0.000,0.827,0.325,1.371,7.833,0.924,0.793,0.924,0.089,0.268,0.793,5,NR4A1,NR4A1_5
0.729,0.851,0.393,0.393,0.000,0.813,0.417,1.510,7.703,0.928,0.765,0.928,0.112,0.393,0.765,517,NR4A1,NR4A1_517
0.813,0.895,0.676,0.676,0.000,0.847,0.560,0.916,4.231,0.931,0.779,0.931,0.329,0.676,0.779,526,NR4A1,NR4A1_526
0.796,0.893,0.576,0.576,0.000,0.852,0.571,0.929,4.486,0.932,0.708,0.932,0.144,0.576,0.708,53,NR4A1,NR4A1_53
0.788,0.879,0.616,0.616,0.000,0.830,0.552,0.986,3.551,0.927,0.653,0.927,0.186,0.616,0.653,551,NR4A1,NR4A1_551
0.887,0.925,0.871,0.871,0.000,0.890,0.838,0.536,1.667,0.931,0.904,0.931,0.389,0.871,0.904,583,NR4A1,NR4A1_583
0.745,0.866,0.351,0.351,0.000,0.843,0.467,1.209,6.742,0.920,0.827,0.920,0.097,0.351,0.827,596,NR4A1,NR4A1_596
0.737,0.867,0.365,0.365,0.000,0.831,0.450,1.540,8.772,0.931,0.756,0.931,0.128,0.365,0.756,599,NR4A1,NR4A1_599
0.739,0.864,0.363,0.363,0.000,0.832,0.349,1.351,8.317,0.924,0.736,0.924,0.079,0.363,0.736,611,NR4A1,NR4A1_611
0.798,0.889,0.585,0.585,0.000,0.851,0.596,1.044,4.856,0.923,0.758,0.923,0.203,0.585,0.758,614,NR4A1,NR4A1_614
0.725,0.844,0.344,0.344,0.000,0.821,0.368,1.256,7.239,0.924,0.733,0.924,0.097,0.344,0.733,618,NR4A1,NR4A1_618
0.745,0.876,0.373,0.373,0.000,0.839,0.449,1.201,6.869,0.933,0.682,0.933,0.111,0.373,0.682,622,NR4A1,NR4A1_622
0.738,0.852,0.387,0.387,0.000,0.825,0.459,1.227,6.162,0.930,0.717,0.930,0.098,0.387,0.717,626,NR4A1,NR4A1_626
0.783,0.892,0.491,0.491,0.000,0.856,0.519,1.084,6.183,0.928,0.756,0.928,0.164,0.491,0.756,627,NR4A1,NR4A1_627
0.814,0.906,0.590,0.590,0.000,0.869,0.600,1.046,6.578,0.929,0.830,0.929,0.148,0.590,0.830,629,NR4A1,NR4A1_629
0.697,0.823,0.297,0.297,0.000,0.797,0.392,1.345,7.681,0.921,0.730,0.921,0.093,0.297,0.730,647,NR4A1,NR4A1_647
0.724,0.855,0.347,0.347,0.000,0.819,0.457,1.555,8.074,0.928,0.703,0.928,0.108,0.347,0.703,65,NR4A1,NR4A1_65
0.727,0.852,0.364,0.364,0.000,0.818,0.412,1.313,6.995,0.926,0.684,0.926,0.116,0.364,0.684,683,NR4A1,NR4A1_683
0.811,0.901,0.614,0.614,0.000,0.860,0.554,0.782,3.855,0.931,0.855,0.931,0.165,0.614,0.855,689,NR4A1,NR4A1_689
0.751,0.885,0.325,0.325,0.000,0.857,0.438,1.123,7.339,0.935,0.845,0.935,0.077,0.325,0.845,704,NR4A1,NR4A1_704
0.697,0.805,0.366,0.366,0.000,0.780,0.369,1.469,8.567,0.920,0.646,0.920,0.101,0.366,0.646,706,NR4A1,NR4A1_706
0.825,0.909,0.655,0.655,0.000,0.867,0.641,0.974,5.097,0.933,0.823,0.933,0.193,0.655,0.823,710,NR4A1,NR4A1_710
0.761,0.889,0.403,0.403,0.000,0.851,0.466,1.122,6.775,0.932,0.887,0.932,0.121,0.403,0.887,718,NR4A1,NR4A1_718
0.780,0.876,0.559,0.559,0.000,0.835,0.550,1.076,4.179,0.926,0.663,0.926,0.170,0.559,0.663,72,NR4A1,NR4A1_72
0.746,0.867,0.408,0.408,0.000,0.830,0.502,1.365,7.541,0.929,0.713,0.929,0.109,0.408,0.713,730,NR4A1,NR4A1_730
0.707,0.838,0.292,0.292,0.000,0.811,0.375,1.455,7.971,0.919,0.737,0.919,0.104,0.292,0.737,731,NR4A1,NR4A1_731
0.760,0.878,0.399,0.399,0.000,0.851,0.482,1.184,6.611,0.931,0.779,0.931,0.119,0.399,0.779,732,NR4A1,NR4A1_732
0.764,0.870,0.515,0.515,0.000,0.826,0.505,1.100,5.901,0.929,0.694,0.929,0.188,0.515,0.694,739,NR4A1,NR4A1_739
0.716,0.853,0.271,0.271,0.000,0.828,0.353,1.339,7.916,0.927,0.834,0.927,0.093,0.271,0.834,740,NR4A1,NR4A1_740
0.823,0.916,0.638,0.638,0.000,0.870,0.581,0.639,3.324,0.940,0.865,0.940,0.135,0.638,0.865,742,NR4A1,NR4A1_742
0.699,0.842,0.226,0.226,0.000,0.817,0.353,1.790,10.398,0.918,0.745,0.918,0.082,0.226,0.745,743,NR4A1,NR4A1_743
0.729,0.867,0.256,0.256,0.000,0.848,0.441,1.247,7.633,0.925,0.882,0.925,0.085,0.256,0.882,746,NR4A1,NR4A1_746
0.771,0.872,0.491,0.491,0.000,0.842,0.557,1.273,6.056,0.922,0.597,0.922,0.152,0.491,0.597,760,NR4A1,NR4A1_760
0.759,0.857,0.478,0.478,0.000,0.829,0.515,1.429,7.564,0.915,0.745,0.915,0.148,0.478,0.745,786,NR4A1,NR4A1_786
0.758,0.886,0.394,0.394,0.000,0.849,0.486,1.112,6.958,0.935,0.805,0.935,0.102,0.394,0.805,8,NR4A1,NR4A1_8
0.725,0.855,0.321,0.321,0.000,0.827,0.479,1.340,7.194,0.926,0.625,0.926,0.103,0.321,0.625,804,NR4A1,NR4A1_804
0.705,0.841,0.275,0.275,0.000,0.813,0.406,1.355,7.187,0.925,0.748,0.925,0.098,0.275,0.748,807,NR4A1,NR4A1_807
0.728,0.862,0.292,0.292,0.000,0.837,0.388,1.070,7.153,0.917,0.707,0.917,0.078,0.292,0.707,810,NR4A1,NR4A1_810
0.774,0.894,0.426,0.426,0.000,0.860,0.496,1.213,8.658,0.929,0.816,0.929,0.158,0.426,0.816,811,NR4A1,NR4A1_811
0.851,0.914,0.831,0.831,0.000,0.856,0.640,0.609,1.748,0.931,0.773,0.931,0.230,0.831,0.773,812,NR4A1,NR4A1_812
0.788,0.881,0.586,0.586,0.000,0.839,0.555,0.913,4.035,0.926,0.794,0.926,0.168,0.586,0.794,814,NR4A1,NR4A1_814
0.755,0.874,0.406,0.406,0.000,0.843,0.519,1.255,7.169,0.925,0.690,0.925,0.115,0.406,0.690,819,NR4A1,NR4A1_819
0.696,0.836,0.234,0.234,0.000,0.812,0.266,1.626,9.169,0.920,0.737,0.920,0.080,0.234,0.737,820,NR4A1,NR4A1_820
0.718,0.861,0.258,0.258,0.000,0.833,0.461,1.508,8.834,0.926,0.817,0.926,0.100,0.258,0.817,826,NR4A1,NR4A1_826
0.712,0.849,0.272,0.272,0.000,0.821,0.395,1.456,8.568,0.926,0.752,0.926,0.089,0.272,0.752,831,NR4A1,NR4A1_831
0.758,0.878,0.428,0.428,0.000,0.841,0.485,1.070,5.926,0.936,0.749,0.936,0.118,0.428,0.749,833,NR4A1,NR4A1_833
0.788,0.894,0.540,0.540,0.000,0.850,0.540,0.992,5.212,0.937,0.726,0.937,0.160,0.540,0.726,839,NR4A1,NR4A1_839
0.705,0.845,0.273,0.273,0.000,0.813,0.417,1.772,9.710,0.929,0.709,0.929,0.117,0.273,0.709,840,NR4A1,NR4A1_840
0.768,0.887,0.432,0.432,0.000,0.852,0.515,1.078,6.349,0.930,0.829,0.930,0.106,0.432,0.829,849,NR4A1,NR4A1_849
0.765,0.893,0.388,0.388,0.000,0.859,0.485,1.013,6.165,0.934,0.790,0.934,0.096,0.388,0.790,878,NR4A1,NR4A1_878
0.725,0.862,0.321,0.321,0.000,0.826,0.440,1.463,8.410,0.931,0.713,0.931,0.097,0.321,0.713,881,NR4A1,NR4A1_881
0.801,0.894,0.618,0.618,0.000,0.847,0.567,0.869,4.160,0.934,0.847,0.934,0.182,0.618,0.847,915,NR4A1,NR4A1_915
0.735,0.854,0.399,0.399,0.000,0.819,0.475,1.319,6.627,0.918,0.738,0.918,0.121,0.399,0.738,921,NR4A1,NR4A1_921
0.804,0.889,0.594,0.594,0.000,0.857,0.650,1.106,5.747,0.926,0.807,0.926,0.231,0.594,0.807,938,NR4A1,NR4A1_938
0.720,0.856,0.296,0.296,0.000,0.827,0.459,1.701,10.293,0.927,0.762,0.927,0.096,0.296,0.762,957,NR4A1,NR4A1_957
0.728,0.872,0.238,0.238,0.000,0.850,0.419,1.162,7.368,0.927,0.829,0.927,0.084,0.238,0.829,960,NR4A1,NR4A1_960
0.793,0.895,0.585,0.585,0.000,0.846,0.544,0.848,3.395,0.937,0.735,0.937,0.179,0.585,0.735,97,NR4A1,NR4A1_97
0.909,0.943,0.955,0.955,0.000,0.897,0.844,0.386,0.558,0.943,0.923,0.943,0.696,0.955,0.923,977,NR4A1,NR4A1_977
0.757,0.868,0.483,0.483,0.000,0.826,0.459,1.059,4.818,0.928,0.746,0.928,0.144,0.483,0.746,983,NR4A1,NR4A1_983
0.754,0.861,0.439,0.439,0.000,0.832,0.528,1.600,8.465,0.925,0.774,0.925,0.130,0.439,0.774,995,NR4A1,NR4A1_995
0.718,0.772,0.338,0.338,0.000,0.813,0.391,1.599,11.015,0.818,0.772,0.818,0.139,0.338,0.772,10,P2RX3,P2RX3_10
0.822,0.810,0.712,0.712,0.000,0.849,0.692,0.768,3.456,0.818,0.852,0.818,0.209,0.712,0.852,11,P2RX3,P2RX3_11
0.712,0.784,0.219,0.219,0.000,0.836,0.369,1.469,15.795,0.815,0.848,0.815,0.069,0.219,0.848,122,P2RX3,P2RX3_122
0.803,0.823,0.549,0.549,0.000,0.867,0.647,0.797,8.847,0.832,0.935,0.832,0.115,0.549,0.935,138,P2RX3,P2RX3_138
0.705,0.751,0.307,0.307,0.000,0.805,0.372,1.589,11.487,0.798,0.726,0.798,0.101,0.307,0.726,148,P2RX3,P2RX3_148
0.754,0.777,0.496,0.496,0.000,0.819,0.513,1.141,6.186,0.808,0.829,0.808,0.143,0.496,0.829,153,P2RX3,P2RX3_153
0.827,0.810,0.773,0.773,0.000,0.840,0.683,0.779,3.107,0.814,0.736,0.814,0.238,0.773,0.736,161,P2RX3,P2RX3_161
0.766,0.817,0.440,0.440,0.000,0.848,0.514,1.104,9.785,0.840,0.904,0.840,0.148,0.440,0.904,162,P2RX3,P2RX3_162
0.733,0.769,0.401,0.401,0.000,0.816,0.478,1.446,9.598,0.805,0.787,0.805,0.111,0.401,0.787,166,P2RX3,P2RX3_166
0.783,0.798,0.547,0.547,0.000,0.842,0.602,1.043,8.265,0.814,0.880,0.814,0.135,0.547,0.880,173,P2RX3,P2RX3_173
0.749,0.784,0.459,0.459,0.000,0.822,0.506,1.154,7.777,0.816,0.817,0.816,0.129,0.459,0.817,179,P2RX3,P2RX3_179
0.745,0.774,0.409,0.409,0.000,0.829,0.527,1.261,9.016,0.801,0.819,0.801,0.120,0.409,0.819,185,P2RX3,P2RX3_185
0.794,0.801,0.664,0.664,0.000,0.826,0.590,0.942,3.926,0.816,0.708,0.816,0.185,0.664,0.708,187,P2RX3,P2RX3_187
0.862,0.824,0.910,0.910,0.000,0.850,0.786,0.625,1.525,0.816,0.891,0.816,0.454,0.910,0.891,206,P2RX3,P2RX3_206
0.750,0.777,0.442,0.442,0.000,0.827,0.511,1.292,8.501,0.808,0.832,0.808,0.134,0.442,0.832,209,P2RX3,P2RX3_209
0.836,0.806,0.791,0.791,0.000,0.847,0.710,0.740,2.497,0.809,0.739,0.809,0.301,0.791,0.739,231,P2RX3,P2RX3_231
0.780,0.774,0.630,0.630,0.000,0.817,0.568,1.050,5.128,0.794,0.749,0.794,0.175,0.630,0.749,233,P2RX3,P2RX3_233
0.852,0.820,0.848,0.848,0.000,0.853,0.760,0.674,1.968,0.819,0.864,0.819,0.344,0.848,0.864,24,P2RX3,P2RX3_24
0.748,0.775,0.500,0.500,0.000,0.809,0.449,1.076,6.175,0.805,0.802,0.805,0.133,0.500,0.802,242,P2RX3,P2RX3_242
0.845,0.811,0.803,0.803,0.000,0.856,0.784,0.801,3.846,0.813,0.914,0.813,0.324,0.803,0.914,253,P2RX3,P2RX3_253
0.848,0.806,0.810,0.810,0.000,0.858,0.720,0.733,3.256,0.807,0.812,0.807,0.470,0.810,0.812,276,P2RX3,P2RX3_276
0.814,0.799,0.727,0.727,0.000,0.835,0.636,0.802,3.000,0.808,0.835,0.808,0.188,0.727,0.835,277,P2RX3,P2RX3_277
0.744,0.766,0.585,0.585,0.000,0.784,0.480,1.092,4.875,0.802,0.671,0.802,0.148,0.585,0.671,283,P2RX3,P2RX3_283
0.829,0.810,0.767,0.767,0.000,0.844,0.689,0.731,2.704,0.814,0.760,0.814,0.275,0.767,0.760,302,P2RX3,P2RX3_302
0.790,0.794,0.568,0.568,0.000,0.845,0.630,1.117,7.693,0.810,0.845,0.810,0.157,0.568,0.845,309,P2RX3,P2RX3_309
0.819,0.800,0.735,0.735,0.000,0.840,0.673,0.974,4.666,0.807,0.716,0.807,0.174,0.735,0.716,311,P2RX3,P2RX3_311
0.816,0.808,0.700,0.700,0.000,0.845,0.645,0.850,4.307,0.816,0.781,0.816,0.119,0.700,0.781,331,P2RX3,P2RX3_331
0.801,0.800,0.645,0.645,0.000,0.840,0.630,0.890,4.397,0.815,0.824,0.815,0.188,0.645,0.824,359,P2RX3,P2RX3_359
0.831,0.818,0.754,0.754,0.000,0.850,0.713,0.763,3.479,0.823,0.883,0.823,0.235,0.754,0.883,37,P2RX3,P2RX3_37
0.761,0.790,0.440,0.440,0.000,0.841,0.568,1.199,9.768,0.811,0.910,0.811,0.132,0.440,0.910,38,P2RX3,P2RX3_38
0.807,0.786,0.695,0.695,0.000,0.835,0.576,0.790,3.884,0.796,0.810,0.796,0.187,0.695,0.810,389,P2RX3,P2RX3_389
0.730,0.777,0.375,0.375,0.000,0.819,0.460,1.487,11.748,0.811,0.699,0.811,0.101,0.375,0.699,390,P2RX3,P2RX3_390
0.833,0.823,0.741,0.741,0.000,0.855,0.714,0.813,4.622,0.831,0.885,0.831,0.258,0.741,0.885,4,P2RX3,P2RX3_4
0.808,0.797,0.676,0.676,0.000,0.841,0.606,0.924,5.126,0.809,0.768,0.809,0.185,0.676,0.768,446,P2RX3,P2RX3_446
0.815,0.787,0.723,0.723,0.000,0.838,0.632,0.988,5.365,0.795,0.797,0.795,0.285,0.723,0.797,448,P2RX3,P2RX3_448
0.871,0.832,0.940,0.940,0.000,0.854,0.836,0.572,0.968,0.820,0.745,0.820,0.398,0.940,0.745,469,P2RX3,P2RX3_469
0.829,0.816,0.750,0.750,0.000,0.848,0.711,0.739,3.146,0.822,0.842,0.822,0.216,0.750,0.842,484,P2RX3,P2RX3_484
0.840,0.809,0.837,0.837,0.000,0.841,0.713,0.725,2.203,0.807,0.705,0.807,0.301,0.837,0.705,485,P2RX3,P2RX3_485
0.756,0.771,0.542,0.542,0.000,0.810,0.505,1.118,5.645,0.799,0.713,0.799,0.160,0.542,0.713,487,P2RX3,P2RX3_487
0.774,0.798,0.541,0.541,0.000,0.832,0.558,0.977,5.534,0.823,0.793,0.823,0.147,0.541,0.793,49,P2RX3,P2RX3_49
0.753,0.787,0.466,0.466,0.000,0.824,0.485,1.229,7.593,0.817,0.829,0.817,0.124,0.466,0.829,5,P2RX3,P2RX3_5
0.808,0.805,0.709,0.709,0.000,0.833,0.635,0.902,3.999,0.817,0.834,0.817,0.247,0.709,0.834,517,P2RX3,P2RX3_517
0.821,0.798,0.746,0.746,0.000,0.839,0.672,0.759,2.619,0.806,0.730,0.806,0.299,0.746,0.730,526,P2RX3,P2RX3_526
0.797,0.796,0.639,0.639,0.000,0.837,0.608,0.950,5.435,0.811,0.776,0.811,0.154,0.639,0.776,53,P2RX3,P2RX3_53
0.723,0.761,0.407,0.407,0.000,0.802,0.478,1.606,10.406,0.806,0.650,0.806,0.103,0.407,0.650,551,P2RX3,P2RX3_551
0.748,0.798,0.387,0.387,0.000,0.838,0.475,1.254,11.245,0.825,0.863,0.825,0.103,0.387,0.863,583,P2RX3,P2RX3_583
0.769,0.787,0.481,0.481,0.000,0.840,0.581,1.257,8.908,0.812,0.862,0.812,0.139,0.481,0.862,596,P2RX3,P2RX3_596
0.799,0.800,0.649,0.649,0.000,0.836,0.624,0.912,4.832,0.815,0.778,0.815,0.208,0.649,0.778,599,P2RX3,P2RX3_599
0.818,0.801,0.718,0.718,0.000,0.843,0.704,1.005,5.988,0.808,0.794,0.808,0.253,0.718,0.794,611,P2RX3,P2RX3_611
0.743,0.791,0.400,0.400,0.000,0.828,0.438,1.247,9.284,0.820,0.783,0.820,0.104,0.400,0.783,614,P2RX3,P2RX3_614
0.739,0.771,0.472,0.472,0.000,0.806,0.490,1.106,6.176,0.805,0.774,0.805,0.132,0.472,0.774,618,P2RX3,P2RX3_618
0.786,0.800,0.593,0.593,0.000,0.834,0.561,0.930,5.155,0.818,0.727,0.818,0.120,0.593,0.727,622,P2RX3,P2RX3_622
0.855,0.827,0.870,0.870,0.000,0.851,0.730,0.597,1.464,0.824,0.764,0.824,0.399,0.870,0.764,626,P2RX3,P2RX3_626
0.813,0.816,0.678,0.678,0.000,0.847,0.657,0.842,4.344,0.826,0.829,0.826,0.245,0.678,0.829,627,P2RX3,P2RX3_627
0.800,0.821,0.587,0.587,0.000,0.853,0.617,0.859,6.240,0.835,0.851,0.835,0.174,0.587,0.851,629,P2RX3,P2RX3_629
0.710,0.744,0.381,0.381,0.000,0.792,0.442,1.382,8.438,0.791,0.774,0.791,0.103,0.381,0.774,647,P2RX3,P2RX3_647
0.830,0.816,0.772,0.772,0.000,0.845,0.685,0.770,3.118,0.822,0.808,0.822,0.265,0.772,0.808,65,P2RX3,P2RX3_65
0.749,0.766,0.496,0.496,0.000,0.813,0.474,1.028,5.459,0.795,0.744,0.795,0.111,0.496,0.744,683,P2RX3,P2RX3_683
0.810,0.811,0.677,0.677,0.000,0.844,0.649,0.828,4.535,0.823,0.875,0.823,0.168,0.677,0.875,689,P2RX3,P2RX3_689
0.717,0.789,0.260,0.260,0.000,0.831,0.422,1.383,12.413,0.823,0.871,0.823,0.100,0.260,0.871,704,P2RX3,P2RX3_704
0.718,0.759,0.486,0.486,0.000,0.776,0.435,1.181,6.164,0.811,0.677,0.811,0.105,0.486,0.677,706,P2RX3,P2RX3_706
0.805,0.803,0.667,0.667,0.000,0.840,0.572,0.868,4.566,0.812,0.859,0.812,0.109,0.667,0.859,710,P2RX3,P2RX3_710
0.825,0.805,0.698,0.698,0.000,0.857,0.651,0.767,4.660,0.813,0.913,0.813,0.253,0.698,0.913,718,P2RX3,P2RX3_718
0.736,0.750,0.445,0.445,0.000,0.809,0.466,1.401,8.878,0.786,0.739,0.786,0.119,0.445,0.739,72,P2RX3,P2RX3_72
0.769,0.792,0.554,0.554,0.000,0.823,0.510,0.987,5.079,0.816,0.772,0.816,0.106,0.554,0.772,730,P2RX3,P2RX3_730
0.716,0.754,0.352,0.352,0.000,0.807,0.438,1.462,11.036,0.796,0.776,0.796,0.096,0.352,0.776,731,P2RX3,P2RX3_731
0.822,0.808,0.733,0.733,0.000,0.844,0.612,0.823,4.388,0.814,0.835,0.814,0.303,0.733,0.835,732,P2RX3,P2RX3_732
0.676,0.744,0.227,0.227,0.000,0.789,0.267,1.715,12.569,0.809,0.740,0.809,0.107,0.227,0.740,739,P2RX3,P2RX3_739
0.774,0.796,0.541,0.541,0.000,0.833,0.606,1.154,7.246,0.821,0.876,0.821,0.168,0.541,0.876,740,P2RX3,P2RX3_740
0.882,0.832,0.933,0.933,0.000,0.869,0.830,0.542,1.039,0.827,0.913,0.827,0.542,0.933,0.913,742,P2RX3,P2RX3_742
0.817,0.797,0.714,0.714,0.000,0.842,0.665,0.909,4.302,0.806,0.821,0.806,0.231,0.714,0.821,743,P2RX3,P2RX3_743
0.799,0.809,0.635,0.635,0.000,0.840,0.631,0.910,5.148,0.824,0.898,0.824,0.140,0.635,0.898,746,P2RX3,P2RX3_746
0.768,0.776,0.521,0.521,0.000,0.830,0.588,1.327,8.505,0.800,0.648,0.800,0.137,0.521,0.648,760,P2RX3,P2RX3_760
0.860,0.813,0.894,0.894,0.000,0.852,0.719,0.580,1.284,0.807,0.772,0.807,0.415,0.894,0.772,786,P2RX3,P2RX3_786
0.807,0.809,0.660,0.660,0.000,0.844,0.636,0.766,3.498,0.821,0.839,0.821,0.129,0.660,0.839,8,P2RX3,P2RX3_8
0.807,0.806,0.686,0.686,0.000,0.837,0.650,0.873,3.848,0.818,0.718,0.818,0.274,0.686,0.718,804,P2RX3,P2RX3_804
0.745,0.775,0.478,0.478,0.000,0.812,0.497,1.366,8.714,0.810,0.804,0.810,0.149,0.478,0.804,807,P2RX3,P2RX3_807
0.798,0.783,0.637,0.637,0.000,0.839,0.538,0.890,7.055,0.793,0.754,0.793,0.151,0.637,0.754,810,P2RX3,P2RX3_810
0.821,0.801,0.685,0.685,0.000,0.854,0.682,0.838,5.137,0.808,0.857,0.808,0.218,0.685,0.857,811,P2RX3,P2RX3_811
0.819,0.811,0.762,0.762,0.000,0.834,0.676,0.802,2.938,0.819,0.818,0.819,0.247,0.762,0.818,812,P2RX3,P2RX3_812
0.838,0.809,0.797,0.797,0.000,0.848,0.739,0.727,2.469,0.813,0.878,0.813,0.290,0.797,0.878,814,P2RX3,P2RX3_814
0.807,0.799,0.676,0.676,0.000,0.840,0.617,0.993,5.696,0.809,0.732,0.809,0.151,0.676,0.732,819,P2RX3,P2RX3_819
0.715,0.763,0.348,0.348,0.000,0.807,0.432,1.549,11.725,0.805,0.793,0.805,0.090,0.348,0.793,820,P2RX3,P2RX3_820
0.802,0.800,0.661,0.661,0.000,0.837,0.626,0.882,4.464,0.815,0.882,0.815,0.176,0.661,0.882,826,P2RX3,P2RX3_826
0.797,0.793,0.658,0.658,0.000,0.831,0.602,0.856,3.755,0.807,0.802,0.807,0.176,0.658,0.802,831,P2RX3,P2RX3_831
0.838,0.815,0.791,0.791,0.000,0.850,0.698,0.699,2.735,0.818,0.865,0.818,0.346,0.791,0.865,833,P2RX3,P2RX3_833
0.794,0.797,0.631,0.631,0.000,0.835,0.599,0.965,5.020,0.812,0.735,0.812,0.132,0.631,0.735,839,P2RX3,P2RX3_839
0.829,0.812,0.768,0.768,0.000,0.844,0.693,0.770,2.714,0.819,0.811,0.819,0.276,0.768,0.811,840,P2RX3,P2RX3_840
0.863,0.815,0.868,0.868,0.000,0.862,0.789,0.646,2.033,0.813,0.928,0.813,0.327,0.868,0.928,849,P2RX3,P2RX3_849
0.752,0.785,0.395,0.395,0.000,0.841,0.536,1.170,10.469,0.808,0.833,0.808,0.105,0.395,0.833,878,P2RX3,P2RX3_878
0.848,0.814,0.843,0.843,0.000,0.849,0.736,0.679,1.877,0.813,0.808,0.813,0.303,0.843,0.808,881,P2RX3,P2RX3_881
0.780,0.791,0.569,0.569,0.000,0.832,0.557,1.130,8.174,0.815,0.886,0.815,0.260,0.569,0.886,915,P2RX3,P2RX3_915
0.796,0.798,0.658,0.658,0.000,0.831,0.601,0.989,4.957,0.814,0.770,0.814,0.164,0.658,0.770,921,P2RX3,P2RX3_921
0.749,0.772,0.474,0.474,0.000,0.818,0.499,0.988,5.784,0.799,0.814,0.799,0.130,0.474,0.814,938,P2RX3,P2RX3_938
0.809,0.798,0.686,0.686,0.000,0.840,0.647,0.796,3.637,0.809,0.811,0.809,0.239,0.686,0.811,957,P2RX3,P2RX3_957
0.769,0.785,0.487,0.487,0.000,0.839,0.575,1.067,7.713,0.805,0.871,0.805,0.132,0.487,0.871,960,P2RX3,P2RX3_960
0.754,0.775,0.477,0.477,0.000,0.824,0.470,1.173,7.137,0.804,0.745,0.804,0.157,0.477,0.745,97,P2RX3,P2RX3_97
0.846,0.828,0.802,0.802,0.000,0.858,0.748,0.711,2.860,0.833,0.915,0.833,0.428,0.802,0.915,977,P2RX3,P2RX3_977
0.877,0.836,0.935,0.935,0.000,0.862,0.827,0.568,0.926,0.827,0.850,0.827,0.433,0.935,0.850,983,P2RX3,P2RX3_983
0.776,0.781,0.586,0.586,0.000,0.823,0.590,1.105,6.110,0.803,0.816,0.803,0.157,0.586,0.816,995,P2RX3,P2RX3_995
0.749,0.886,0.514,0.514,0.000,0.808,0.541,1.020,3.933,0.926,0.737,0.926,0.197,0.514,0.737,10,RIOK1,RIOK1_10
0.800,0.908,0.669,0.669,0.000,0.832,0.642,0.802,3.209,0.925,0.860,0.925,0.250,0.669,0.860,11,RIOK1,RIOK1_11
0.824,0.918,0.753,0.753,0.000,0.842,0.691,0.668,2.389,0.928,0.859,0.928,0.207,0.753,0.859,122,RIOK1,RIOK1_122
0.866,0.927,0.902,0.902,0.000,0.857,0.844,0.501,1.066,0.928,0.941,0.928,0.272,0.902,0.941,138,RIOK1,RIOK1_138
0.788,0.902,0.687,0.687,0.000,0.814,0.596,0.824,2.742,0.927,0.813,0.927,0.288,0.687,0.813,148,RIOK1,RIOK1_148
0.855,0.919,0.919,0.919,0.000,0.838,0.802,0.566,0.990,0.921,0.879,0.921,0.533,0.919,0.879,153,RIOK1,RIOK1_153
0.844,0.911,0.874,0.874,0.000,0.837,0.744,0.644,1.446,0.915,0.808,0.915,0.437,0.874,0.808,161,RIOK1,RIOK1_161
0.851,0.927,0.844,0.844,0.000,0.852,0.773,0.527,1.252,0.933,0.913,0.933,0.442,0.844,0.913,162,RIOK1,RIOK1_162
0.736,0.874,0.487,0.487,0.000,0.799,0.503,1.191,5.298,0.912,0.793,0.912,0.143,0.487,0.793,166,RIOK1,RIOK1_166
0.817,0.913,0.729,0.729,0.000,0.839,0.693,0.706,2.619,0.926,0.895,0.926,0.314,0.729,0.895,173,RIOK1,RIOK1_173
0.860,0.927,0.910,0.910,0.000,0.848,0.797,0.513,0.936,0.930,0.832,0.930,0.465,0.910,0.832,179,RIOK1,RIOK1_179
0.829,0.913,0.780,0.780,0.000,0.841,0.710,0.690,1.949,0.924,0.802,0.924,0.394,0.780,0.802,185,RIOK1,RIOK1_185
0.758,0.879,0.579,0.579,0.000,0.803,0.569,1.198,4.694,0.912,0.711,0.912,0.169,0.579,0.711,187,RIOK1,RIOK1_187
0.747,0.879,0.532,0.532,0.000,0.801,0.561,1.263,5.367,0.919,0.731,0.919,0.197,0.532,0.731,206,RIOK1,RIOK1_206
0.753,0.890,0.521,0.521,0.000,0.811,0.553,1.076,4.834,0.923,0.839,0.923,0.201,0.521,0.839,209,RIOK1,RIOK1_209
0.801,0.899,0.702,0.702,0.000,0.826,0.646,0.820,2.604,0.917,0.673,0.917,0.373,0.702,0.673,231,RIOK1,RIOK1_231
0.757,0.874,0.607,0.607,0.000,0.794,0.536,1.159,4.571,0.909,0.752,0.909,0.237,0.607,0.752,233,RIOK1,RIOK1_233
0.790,0.905,0.659,0.659,0.000,0.822,0.616,0.802,2.895,0.928,0.779,0.928,0.250,0.659,0.779,24,RIOK1,RIOK1_24
0.840,0.912,0.872,0.872,0.000,0.832,0.738,0.633,1.322,0.917,0.874,0.917,0.490,0.872,0.874,242,RIOK1,RIOK1_242
0.767,0.899,0.542,0.542,0.000,0.823,0.591,1.167,6.251,0.928,0.884,0.928,0.198,0.542,0.884,253,RIOK1,RIOK1_253
0.850,0.919,0.862,0.862,0.000,0.847,0.778,0.581,1.367,0.926,0.817,0.926,0.671,0.862,0.817,276,RIOK1,RIOK1_276
0.787,0.903,0.669,0.669,0.000,0.816,0.585,0.780,2.620,0.927,0.841,0.927,0.292,0.669,0.841,277,RIOK1,RIOK1_277
0.673,0.815,0.411,0.411,0.000,0.739,0.399,1.680,6.966,0.896,0.660,0.896,0.168,0.411,0.660,283,RIOK1,RIOK1_283
0.781,0.896,0.641,0.641,0.000,0.816,0.572,0.979,4.388,0.917,0.766,0.917,0.147,0.641,0.766,302,RIOK1,RIOK1_302
0.868,0.932,0.919,0.919,0.000,0.856,0.827,0.502,0.957,0.934,0.901,0.934,0.530,0.919,0.901,309,RIOK1,RIOK1_309
0.832,0.915,0.815,0.815,0.000,0.836,0.723,0.731,1.948,0.926,0.753,0.926,0.386,0.815,0.753,311,RIOK1,RIOK1_311
0.811,0.907,0.719,0.719,0.000,0.834,0.671,0.801,3.052,0.922,0.806,0.922,0.262,0.719,0.806,331,RIOK1,RIOK1_331
0.828,0.912,0.793,0.793,0.000,0.837,0.702,0.666,1.910,0.924,0.892,0.924,0.419,0.793,0.892,359,RIOK1,RIOK1_359
0.828,0.909,0.790,0.790,0.000,0.837,0.732,0.699,2.060,0.918,0.869,0.918,0.279,0.790,0.869,37,RIOK1,RIOK1_37
0.837,0.920,0.815,0.815,0.000,0.842,0.747,0.595,1.689,0.927,0.931,0.927,0.452,0.815,0.931,38,RIOK1,RIOK1_38
0.806,0.903,0.751,0.751,0.000,0.820,0.652,0.752,2.315,0.919,0.826,0.919,0.391,0.751,0.826,389,RIOK1,RIOK1_389
0.716,0.876,0.382,0.382,0.000,0.799,0.456,1.371,7.579,0.919,0.685,0.919,0.111,0.382,0.685,390,RIOK1,RIOK1_390
0.835,0.919,0.793,0.793,0.000,0.845,0.739,0.626,1.866,0.927,0.884,0.927,0.331,0.793,0.884,4,RIOK1,RIOK1_4
0.755,0.892,0.517,0.517,0.000,0.815,0.565,1.143,5.744,0.924,0.758,0.924,0.165,0.517,0.758,446,RIOK1,RIOK1_446
0.746,0.878,0.522,0.522,0.000,0.802,0.524,1.161,5.141,0.916,0.759,0.916,0.183,0.522,0.759,448,RIOK1,RIOK1_448
0.729,0.862,0.517,0.517,0.000,0.783,0.506,1.279,4.983,0.910,0.737,0.910,0.233,0.517,0.737,469,RIOK1,RIOK1_469
0.884,0.935,0.972,0.972,0.000,0.862,0.895,0.451,0.516,0.933,0.892,0.933,0.538,0.972,0.892,484,RIOK1,RIOK1_484
0.797,0.904,0.687,0.687,0.000,0.824,0.647,0.920,3.071,0.926,0.697,0.926,0.228,0.687,0.697,485,RIOK1,RIOK1_485
0.696,0.856,0.350,0.350,0.000,0.782,0.416,1.535,7.392,0.917,0.681,0.917,0.119,0.350,0.681,487,RIOK1,RIOK1_487
0.805,0.909,0.714,0.714,0.000,0.828,0.635,0.804,2.547,0.928,0.802,0.928,0.275,0.714,0.802,49,RIOK1,RIOK1_49
0.801,0.910,0.691,0.691,0.000,0.829,0.636,0.773,2.799,0.932,0.862,0.932,0.248,0.691,0.862,5,RIOK1,RIOK1_5
0.764,0.890,0.613,0.613,0.000,0.802,0.528,0.950,3.684,0.923,0.802,0.923,0.171,0.613,0.802,517,RIOK1,RIOK1_517
0.746,0.881,0.512,0.512,0.000,0.804,0.513,1.080,4.564,0.923,0.713,0.923,0.158,0.512,0.713,526,RIOK1,RIOK1_526
0.778,0.890,0.609,0.609,0.000,0.820,0.619,1.118,5.118,0.916,0.795,0.916,0.206,0.609,0.795,53,RIOK1,RIOK1_53
0.696,0.849,0.363,0.363,0.000,0.780,0.470,1.519,6.789,0.913,0.645,0.913,0.123,0.363,0.645,551,RIOK1,RIOK1_551
0.840,0.924,0.809,0.809,0.000,0.847,0.750,0.590,1.680,0.933,0.905,0.933,0.421,0.809,0.905,583,RIOK1,RIOK1_583
0.845,0.923,0.840,0.840,0.000,0.846,0.757,0.590,1.501,0.931,0.865,0.931,0.367,0.840,0.865,596,RIOK1,RIOK1_596
0.784,0.901,0.643,0.643,0.000,0.819,0.581,0.899,3.969,0.924,0.782,0.924,0.230,0.643,0.782,599,RIOK1,RIOK1_599
0.781,0.897,0.616,0.616,0.000,0.822,0.600,1.068,5.190,0.922,0.778,0.922,0.160,0.616,0.778,611,RIOK1,RIOK1_611
0.819,0.911,0.762,0.762,0.000,0.834,0.693,0.717,2.170,0.924,0.816,0.924,0.270,0.762,0.816,614,RIOK1,RIOK1_614
0.731,0.870,0.477,0.477,0.000,0.794,0.492,1.186,5.620,0.915,0.785,0.915,0.178,0.477,0.785,618,RIOK1,RIOK1_618
0.748,0.889,0.464,0.464,0.000,0.819,0.530,1.136,6.027,0.924,0.719,0.924,0.178,0.464,0.719,622,RIOK1,RIOK1_622
0.781,0.895,0.658,0.658,0.000,0.811,0.611,0.935,3.257,0.924,0.738,0.924,0.311,0.658,0.738,626,RIOK1,RIOK1_626
0.884,0.938,0.961,0.961,0.000,0.865,0.889,0.443,0.635,0.938,0.959,0.938,0.651,0.961,0.959,627,RIOK1,RIOK1_627
0.832,0.926,0.772,0.772,0.000,0.847,0.738,0.608,2.100,0.934,0.861,0.934,0.264,0.772,0.861,629,RIOK1,RIOK1_629
0.665,0.820,0.276,0.276,0.000,0.762,0.418,1.685,8.976,0.893,0.762,0.893,0.106,0.276,0.762,647,RIOK1,RIOK1_647
0.762,0.890,0.569,0.569,0.000,0.810,0.558,1.101,4.587,0.924,0.728,0.924,0.160,0.569,0.728,65,RIOK1,RIOK1_65
0.832,0.913,0.838,0.838,0.000,0.830,0.710,0.680,1.619,0.923,0.857,0.923,0.437,0.838,0.857,683,RIOK1,RIOK1_683
0.852,0.924,0.870,0.870,0.000,0.847,0.789,0.556,1.413,0.930,0.871,0.930,0.441,0.870,0.871,689,RIOK1,RIOK1_689
0.882,0.939,0.957,0.957,0.000,0.864,0.897,0.442,0.636,0.939,0.883,0.939,0.523,0.957,0.883,704,RIOK1,RIOK1_704
0.670,0.812,0.404,0.404,0.000,0.737,0.311,1.445,7.174,0.890,0.693,0.890,0.106,0.404,0.693,706,RIOK1,RIOK1_706
0.845,0.921,0.841,0.841,0.000,0.846,0.748,0.609,1.618,0.927,0.866,0.927,0.273,0.841,0.866,710,RIOK1,RIOK1_710
0.887,0.932,0.972,0.972,0.000,0.866,0.927,0.462,0.515,0.931,0.923,0.931,0.671,0.972,0.923,718,RIOK1,RIOK1_718
0.760,0.885,0.577,0.577,0.000,0.806,0.561,1.122,4.237,0.920,0.719,0.920,0.192,0.577,0.719,72,RIOK1,RIOK1_72
0.735,0.877,0.483,0.483,0.000,0.798,0.523,1.151,5.147,0.915,0.786,0.915,0.145,0.483,0.786,730,RIOK1,RIOK1_730
0.763,0.889,0.592,0.592,0.000,0.805,0.525,1.121,5.265,0.921,0.769,0.921,0.173,0.592,0.769,731,RIOK1,RIOK1_731
0.786,0.908,0.640,0.640,0.000,0.823,0.616,0.725,2.707,0.930,0.784,0.930,0.204,0.640,0.784,732,RIOK1,RIOK1_732
0.790,0.891,0.704,0.704,0.000,0.812,0.610,0.888,2.874,0.918,0.762,0.918,0.283,0.704,0.762,739,RIOK1,RIOK1_739
0.861,0.923,0.913,0.913,0.000,0.848,0.817,0.542,1.004,0.926,0.901,0.926,0.461,0.913,0.901,740,RIOK1,RIOK1_740
0.883,0.936,0.958,0.958,0.000,0.865,0.884,0.441,0.587,0.935,0.909,0.935,0.662,0.958,0.909,742,RIOK1,RIOK1_742
0.816,0.912,0.776,0.776,0.000,0.826,0.656,0.697,2.103,0.924,0.810,0.924,0.325,0.776,0.810,743,RIOK1,RIOK1_743
0.841,0.916,0.828,0.828,0.000,0.844,0.764,0.611,1.593,0.924,0.921,0.924,0.360,0.828,0.921,746,RIOK1,RIOK1_746
0.816,0.905,0.755,0.755,0.000,0.831,0.693,0.897,3.367,0.920,0.725,0.920,0.337,0.755,0.725,760,RIOK1,RIOK1_760
0.825,0.908,0.811,0.811,0.000,0.829,0.678,0.659,1.737,0.921,0.769,0.921,0.375,0.811,0.769,786,RIOK1,RIOK1_786
0.815,0.917,0.725,0.725,0.000,0.837,0.676,0.671,2.137,0.932,0.856,0.932,0.213,0.725,0.856,8,RIOK1,RIOK1_8
0.755,0.889,0.512,0.512,0.000,0.816,0.567,1.281,5.914,0.925,0.689,0.925,0.188,0.512,0.689,804,RIOK1,RIOK1_804
0.753,0.890,0.542,0.542,0.000,0.805,0.523,1.054,4.370,0.927,0.788,0.927,0.157,0.542,0.788,807,RIOK1,RIOK1_807
0.855,0.914,0.878,0.878,0.000,0.850,0.783,0.611,1.396,0.918,0.772,0.918,0.268,0.878,0.772,810,RIOK1,RIOK1_810
0.833,0.922,0.789,0.789,0.000,0.844,0.738,0.654,2.584,0.929,0.878,0.929,0.316,0.789,0.878,811,RIOK1,RIOK1_811
0.791,0.895,0.709,0.709,0.000,0.811,0.643,0.862,2.587,0.920,0.803,0.920,0.454,0.709,0.803,812,RIOK1,RIOK1_812
0.751,0.880,0.550,0.550,0.000,0.801,0.495,1.103,4.650,0.916,0.839,0.916,0.160,0.550,0.839,814,RIOK1,RIOK1_814
0.827,0.907,0.802,0.802,0.000,0.833,0.711,0.680,1.665,0.917,0.709,0.917,0.390,0.802,0.709,819,RIOK1,RIOK1_819
0.708,0.868,0.369,0.369,0.000,0.793,0.465,1.369,6.970,0.918,0.745,0.918,0.120,0.369,0.745,820,RIOK1,RIOK1_820
0.804,0.909,0.694,0.694,0.000,0.831,0.640,0.762,2.996,0.928,0.897,0.928,0.333,0.694,0.897,826,RIOK1,RIOK1_826
0.808,0.902,0.756,0.756,0.000,0.821,0.660,0.733,2.171,0.917,0.796,0.917,0.324,0.756,0.796,831,RIOK1,RIOK1_831
0.822,0.913,0.787,0.787,0.000,0.831,0.657,0.624,1.644,0.927,0.795,0.927,0.369,0.787,0.795,833,RIOK1,RIOK1_833
0.806,0.914,0.712,0.712,0.000,0.829,0.629,0.818,2.702,0.932,0.728,0.932,0.319,0.712,0.728,839,RIOK1,RIOK1_839
0.743,0.882,0.506,0.506,0.000,0.802,0.533,1.160,4.965,0.922,0.783,0.922,0.164,0.506,0.783,840,RIOK1,RIOK1_840
0.829,0.920,0.794,0.794,0.000,0.837,0.707,0.631,1.940,0.929,0.902,0.929,0.330,0.794,0.902,849,RIOK1,RIOK1_849
0.867,0.929,0.917,0.917,0.000,0.854,0.830,0.512,0.970,0.931,0.852,0.931,0.347,0.917,0.852,878,RIOK1,RIOK1_878
0.818,0.904,0.786,0.786,0.000,0.826,0.695,0.749,2.151,0.916,0.809,0.916,0.305,0.786,0.809,881,RIOK1,RIOK1_881
0.802,0.904,0.723,0.723,0.000,0.822,0.621,0.742,2.382,0.925,0.883,0.925,0.323,0.723,0.883,915,RIOK1,RIOK1_915
0.786,0.891,0.658,0.658,0.000,0.819,0.636,1.040,3.719,0.916,0.758,0.916,0.216,0.658,0.758,921,RIOK1,RIOK1_921
0.871,0.931,0.936,0.936,0.000,0.855,0.839,0.471,0.717,0.932,0.846,0.932,0.553,0.936,0.846,938,RIOK1,RIOK1_938
0.827,0.917,0.794,0.794,0.000,0.836,0.704,0.684,2.080,0.929,0.825,0.929,0.319,0.794,0.825,957,RIOK1,RIOK1_957
0.770,0.900,0.559,0.559,0.000,0.823,0.587,0.898,4.347,0.922,0.858,0.922,0.161,0.559,0.858,960,RIOK1,RIOK1_960
0.805,0.906,0.737,0.737,0.000,0.822,0.642,0.758,2.252,0.924,0.797,0.924,0.235,0.737,0.797,97,RIOK1,RIOK1_97
0.793,0.898,0.676,0.676,0.000,0.823,0.636,0.796,2.837,0.917,0.883,0.917,0.207,0.676,0.883,977,RIOK1,RIOK1_977
0.876,0.926,0.957,0.957,0.000,0.856,0.867,0.516,0.700,0.924,0.903,0.924,0.577,0.957,0.903,983,RIOK1,RIOK1_983
0.735,0.874,0.487,0.487,0.000,0.797,0.484,1.260,5.964,0.916,0.817,0.916,0.194,0.487,0.817,995,RIOK1,RIOK1_995
0.880,0.906,0.881,0.881,0.000,0.880,0.795,0.510,1.352,0.911,0.810,0.911,0.485,0.881,0.810,10,SPIN1,SPIN1_10
0.771,0.869,0.453,0.453,0.000,0.850,0.520,1.030,6.987,0.918,0.804,0.918,0.129,0.453,0.804,11,SPIN1,SPIN1_11
0.741,0.864,0.304,0.304,0.000,0.850,0.412,1.064,7.017,0.915,0.790,0.915,0.082,0.304,0.790,122,SPIN1,SPIN1_122
0.841,0.922,0.644,0.644,0.000,0.890,0.725,0.612,4.630,0.937,0.909,0.937,0.116,0.644,0.909,138,SPIN1,SPIN1_138
0.737,0.832,0.428,0.428,0.000,0.815,0.487,1.132,5.571,0.902,0.669,0.902,0.124,0.428,0.669,148,SPIN1,SPIN1_148
0.769,0.842,0.537,0.537,0.000,0.827,0.558,0.961,4.141,0.897,0.695,0.897,0.119,0.537,0.695,153,SPIN1,SPIN1_153
0.741,0.836,0.430,0.430,0.000,0.818,0.435,1.133,5.528,0.898,0.621,0.898,0.114,0.430,0.621,161,SPIN1,SPIN1_161
0.830,0.899,0.672,0.672,0.000,0.870,0.652,0.596,2.778,0.921,0.894,0.921,0.226,0.672,0.894,162,SPIN1,SPIN1_162
0.763,0.848,0.492,0.492,0.000,0.831,0.523,0.989,4.438,0.904,0.727,0.904,0.107,0.492,0.727,166,SPIN1,SPIN1_166
0.740,0.844,0.359,0.359,0.000,0.836,0.514,1.029,6.025,0.895,0.825,0.895,0.096,0.359,0.825,173,SPIN1,SPIN1_173
0.789,0.859,0.585,0.585,0.000,0.840,0.589,0.791,3.525,0.903,0.760,0.903,0.145,0.585,0.760,179,SPIN1,SPIN1_179
0.783,0.861,0.540,0.540,0.000,0.844,0.552,0.903,3.754,0.901,0.737,0.901,0.117,0.540,0.737,185,SPIN1,SPIN1_185
0.754,0.830,0.499,0.499,0.000,0.818,0.508,1.114,5.273,0.889,0.712,0.889,0.129,0.499,0.712,187,SPIN1,SPIN1_187
0.730,0.814,0.425,0.425,0.000,0.807,0.458,1.201,4.646,0.888,0.620,0.888,0.104,0.425,0.620,206,SPIN1,SPIN1_206
0.723,0.831,0.331,0.331,0.000,0.822,0.438,1.225,7.053,0.905,0.751,0.905,0.107,0.331,0.751,209,SPIN1,SPIN1_209
0.752,0.831,0.449,0.449,0.000,0.827,0.528,1.034,4.422,0.884,0.618,0.884,0.095,0.449,0.618,231,SPIN1,SPIN1_231
0.744,0.828,0.498,0.498,0.000,0.805,0.494,0.998,4.633,0.898,0.644,0.898,0.158,0.498,0.644,233,SPIN1,SPIN1_233
0.829,0.880,0.735,0.735,0.000,0.852,0.662,0.669,2.542,0.900,0.816,0.900,0.345,0.735,0.816,24,SPIN1,SPIN1_24
0.839,0.886,0.789,0.789,0.000,0.851,0.677,0.586,1.795,0.903,0.827,0.903,0.451,0.789,0.827,242,SPIN1,SPIN1_242
0.769,0.849,0.517,0.517,0.000,0.832,0.516,0.985,5.863,0.894,0.815,0.894,0.128,0.517,0.815,253,SPIN1,SPIN1_253
0.814,0.886,0.664,0.664,0.000,0.851,0.619,0.683,2.638,0.915,0.728,0.915,0.152,0.664,0.728,276,SPIN1,SPIN1_276
0.761,0.840,0.512,0.512,0.000,0.824,0.521,0.996,4.059,0.891,0.722,0.891,0.124,0.512,0.722,277,SPIN1,SPIN1_277
0.654,0.751,0.330,0.330,0.000,0.736,0.341,1.356,6.683,0.888,0.589,0.888,0.137,0.330,0.589,283,SPIN1,SPIN1_283
0.779,0.851,0.543,0.543,0.000,0.838,0.525,0.942,4.862,0.893,0.689,0.893,0.117,0.543,0.689,302,SPIN1,SPIN1_302
0.768,0.862,0.475,0.475,0.000,0.841,0.531,0.996,4.811,0.907,0.761,0.907,0.107,0.475,0.761,309,SPIN1,SPIN1_309
0.735,0.821,0.410,0.410,0.000,0.816,0.475,1.168,4.958,0.887,0.640,0.887,0.098,0.410,0.640,311,SPIN1,SPIN1_311
0.765,0.857,0.471,0.471,0.000,0.838,0.497,0.924,5.087,0.904,0.720,0.904,0.108,0.471,0.720,331,SPIN1,SPIN1_331
0.824,0.876,0.700,0.700,0.000,0.855,0.662,0.881,3.898,0.902,0.861,0.902,0.399,0.700,0.861,359,SPIN1,SPIN1_359
0.805,0.883,0.588,0.588,0.000,0.859,0.607,0.677,3.412,0.919,0.795,0.919,0.129,0.588,0.795,37,SPIN1,SPIN1_37
0.782,0.871,0.479,0.479,0.000,0.857,0.538,0.913,4.702,0.909,0.863,0.909,0.111,0.479,0.863,38,SPIN1,SPIN1_38
0.767,0.850,0.519,0.519,0.000,0.829,0.520,0.885,4.291,0.900,0.769,0.900,0.142,0.519,0.769,389,SPIN1,SPIN1_389
0.736,0.836,0.402,0.402,0.000,0.820,0.435,0.976,5.483,0.897,0.651,0.897,0.099,0.402,0.651,390,SPIN1,SPIN1_390
0.763,0.862,0.444,0.444,0.000,0.843,0.467,0.933,4.723,0.906,0.805,0.906,0.103,0.444,0.805,4,SPIN1,SPIN1_4
0.713,0.824,0.313,0.313,0.000,0.813,0.376,1.127,7.178,0.896,0.708,0.896,0.106,0.313,0.708,446,SPIN1,SPIN1_446
0.704,0.808,0.319,0.319,0.000,0.800,0.415,1.242,6.337,0.890,0.683,0.890,0.086,0.319,0.683,448,SPIN1,SPIN1_448
0.699,0.804,0.371,0.371,0.000,0.781,0.407,1.277,7.864,0.898,0.702,0.898,0.129,0.371,0.702,469,SPIN1,SPIN1_469
0.817,0.881,0.659,0.659,0.000,0.857,0.641,0.704,3.259,0.907,0.809,0.907,0.201,0.659,0.809,484,SPIN1,SPIN1_484
0.721,0.830,0.340,0.340,0.000,0.816,0.384,1.209,7.171,0.909,0.564,0.909,0.100,0.340,0.564,485,SPIN1,SPIN1_485
0.727,0.829,0.441,0.441,0.000,0.799,0.414,0.986,4.369,0.906,0.649,0.906,0.109,0.441,0.649,487,SPIN1,SPIN1_487
0.807,0.870,0.644,0.644,0.000,0.848,0.609,0.762,2.972,0.901,0.775,0.901,0.216,0.644,0.775,49,SPIN1,SPIN1_49
0.798,0.854,0.616,0.616,0.000,0.844,0.622,0.962,4.525,0.890,0.797,0.890,0.193,0.616,0.797,5,SPIN1,SPIN1_5
0.754,0.837,0.515,0.515,0.000,0.814,0.513,1.019,4.445,0.897,0.754,0.897,0.178,0.515,0.754,517,SPIN1,SPIN1_517
0.737,0.827,0.436,0.436,0.000,0.812,0.481,1.111,6.251,0.900,0.663,0.900,0.176,0.436,0.663,526,SPIN1,SPIN1_526
0.732,0.836,0.377,0.377,0.000,0.821,0.427,0.998,6.119,0.903,0.698,0.903,0.088,0.377,0.698,53,SPIN1,SPIN1_53
0.732,0.829,0.455,0.455,0.000,0.801,0.448,1.133,4.754,0.909,0.604,0.909,0.143,0.455,0.604,551,SPIN1,SPIN1_551
0.730,0.848,0.297,0.297,0.000,0.838,0.476,1.168,6.311,0.906,0.847,0.906,0.089,0.297,0.847,583,SPIN1,SPIN1_583
0.741,0.850,0.353,0.353,0.000,0.838,0.498,1.109,5.913,0.912,0.813,0.912,0.093,0.353,0.813,596,SPIN1,SPIN1_596
0.723,0.835,0.337,0.337,0.000,0.819,0.424,0.979,6.710,0.910,0.740,0.910,0.093,0.337,0.740,599,SPIN1,SPIN1_599
0.706,0.816,0.275,0.275,0.000,0.814,0.341,1.284,9.007,0.892,0.737,0.892,0.090,0.275,0.737,611,SPIN1,SPIN1_611
0.740,0.844,0.390,0.390,0.000,0.828,0.452,0.926,5.600,0.902,0.739,0.902,0.083,0.390,0.739,614,SPIN1,SPIN1_614
0.734,0.822,0.443,0.443,0.000,0.807,0.478,0.990,5.046,0.890,0.703,0.890,0.106,0.443,0.703,618,SPIN1,SPIN1_618
0.815,0.883,0.653,0.653,0.000,0.856,0.623,0.699,3.098,0.913,0.725,0.913,0.382,0.653,0.725,622,SPIN1,SPIN1_622
0.728,0.824,0.431,0.431,0.000,0.802,0.447,1.091,5.233,0.898,0.689,0.898,0.123,0.431,0.689,626,SPIN1,SPIN1_626
0.746,0.850,0.367,0.367,0.000,0.840,0.452,1.027,6.060,0.901,0.715,0.901,0.094,0.367,0.715,627,SPIN1,SPIN1_627
0.833,0.905,0.670,0.670,0.000,0.874,0.631,0.650,3.499,0.926,0.882,0.926,0.235,0.670,0.882,629,SPIN1,SPIN1_629
0.757,0.830,0.565,0.565,0.000,0.805,0.490,0.945,4.572,0.890,0.749,0.890,0.163,0.565,0.749,647,SPIN1,SPIN1_647
0.850,0.893,0.808,0.808,0.000,0.860,0.702,0.580,1.801,0.907,0.783,0.907,0.379,0.808,0.783,65,SPIN1,SPIN1_65
0.735,0.821,0.427,0.427,0.000,0.812,0.504,1.082,4.976,0.890,0.672,0.890,0.103,0.427,0.672,683,SPIN1,SPIN1_683
0.811,0.883,0.633,0.633,0.000,0.856,0.611,0.659,2.946,0.913,0.835,0.913,0.150,0.633,0.835,689,SPIN1,SPIN1_689
0.836,0.890,0.710,0.710,0.000,0.868,0.688,0.708,3.742,0.909,0.841,0.909,0.226,0.710,0.841,704,SPIN1,SPIN1_704
0.708,0.800,0.497,0.497,0.000,0.761,0.442,1.040,4.862,0.889,0.632,0.889,0.129,0.497,0.632,706,SPIN1,SPIN1_706
0.772,0.869,0.477,0.477,0.000,0.845,0.512,0.966,5.091,0.912,0.808,0.912,0.097,0.477,0.808,710,SPIN1,SPIN1_710
0.803,0.877,0.598,0.598,0.000,0.854,0.571,0.826,4.358,0.905,0.869,0.905,0.180,0.598,0.869,718,SPIN1,SPIN1_718
0.716,0.826,0.367,0.367,0.000,0.803,0.429,1.118,5.679,0.910,0.635,0.910,0.096,0.367,0.635,72,SPIN1,SPIN1_72
0.741,0.832,0.416,0.416,0.000,0.822,0.485,1.160,6.060,0.898,0.708,0.898,0.098,0.416,0.708,730,SPIN1,SPIN1_730
0.704,0.810,0.311,0.311,0.000,0.802,0.393,1.123,6.967,0.897,0.705,0.897,0.088,0.311,0.705,731,SPIN1,SPIN1_731
0.732,0.841,0.366,0.366,0.000,0.824,0.411,1.082,6.817,0.905,0.738,0.905,0.099,0.366,0.738,732,SPIN1,SPIN1_732
0.782,0.850,0.598,0.598,0.000,0.828,0.566,0.967,4.019,0.901,0.661,0.901,0.130,0.598,0.661,739,SPIN1,SPIN1_739
0.814,0.865,0.676,0.676,0.000,0.849,0.666,0.804,3.610,0.893,0.862,0.893,0.246,0.676,0.862,740,SPIN1,SPIN1_740
0.809,0.875,0.612,0.612,0.000,0.858,0.628,0.820,5.234,0.903,0.870,0.903,0.172,0.612,0.870,742,SPIN1,SPIN1_742
0.750,0.844,0.439,0.439,0.000,0.828,0.480,1.034,5.290,0.904,0.737,0.904,0.113,0.439,0.737,743,SPIN1,SPIN1_743
0.769,0.857,0.464,0.464,0.000,0.845,0.535,1.081,6.974,0.904,0.874,0.904,0.134,0.464,0.874,746,SPIN1,SPIN1_746
0.758,0.844,0.475,0.475,0.000,0.828,0.474,1.151,5.311,0.900,0.607,0.900,0.108,0.475,0.607,760,SPIN1,SPIN1_760
0.799,0.858,0.657,0.657,0.000,0.834,0.599,0.753,2.969,0.892,0.738,0.892,0.202,0.657,0.738,786,SPIN1,SPIN1_786
0.828,0.883,0.700,0.700,0.000,0.860,0.654,0.653,2.766,0.904,0.842,0.904,0.245,0.700,0.842,8,SPIN1,SPIN1_8
0.761,0.851,0.476,0.476,0.000,0.832,0.538,0.972,4.873,0.908,0.633,0.908,0.126,0.476,0.633,804,SPIN1,SPIN1_804
0.766,0.851,0.532,0.532,0.000,0.825,0.527,0.961,4.201,0.905,0.738,0.905,0.169,0.532,0.738,807,SPIN1,SPIN1_807
0.737,0.830,0.310,0.310,0.000,0.844,0.514,1.063,6.550,0.888,0.682,0.888,0.083,0.310,0.682,810,SPIN1,SPIN1_810
0.790,0.878,0.493,0.493,0.000,0.864,0.533,0.909,5.756,0.912,0.789,0.912,0.104,0.493,0.789,811,SPIN1,SPIN1_811
0.728,0.827,0.452,0.452,0.000,0.797,0.463,1.174,6.027,0.900,0.729,0.900,0.160,0.452,0.729,812,SPIN1,SPIN1_812
0.718,0.824,0.354,0.354,0.000,0.808,0.432,1.191,6.875,0.906,0.709,0.906,0.129,0.354,0.709,814,SPIN1,SPIN1_814
0.801,0.866,0.613,0.613,0.000,0.848,0.618,0.780,2.920,0.898,0.673,0.898,0.125,0.613,0.673,819,SPIN1,SPIN1_819
0.751,0.843,0.492,0.492,0.000,0.816,0.468,0.955,5.440,0.901,0.744,0.901,0.122,0.492,0.744,820,SPIN1,SPIN1_820
0.715,0.840,0.283,0.283,0.000,0.823,0.434,1.112,8.004,0.911,0.811,0.911,0.097,0.283,0.811,826,SPIN1,SPIN1_826
0.742,0.831,0.448,0.448,0.000,0.816,0.488,1.098,6.073,0.892,0.752,0.892,0.105,0.448,0.752,831,SPIN1,SPIN1_831
0.780,0.872,0.540,0.540,0.000,0.839,0.582,0.800,3.897,0.921,0.709,0.921,0.147,0.540,0.709,833,SPIN1,SPIN1_833
0.794,0.868,0.595,0.595,0.000,0.844,0.594,0.816,3.475,0.905,0.686,0.905,0.154,0.595,0.686,839,SPIN1,SPIN1_839
0.779,0.850,0.558,0.558,0.000,0.834,0.566,0.936,3.619,0.899,0.735,0.899,0.145,0.558,0.735,840,SPIN1,SPIN1_840
0.790,0.879,0.538,0.538,0.000,0.853,0.568,0.926,5.991,0.920,0.855,0.920,0.141,0.538,0.855,849,SPIN1,SPIN1_849
0.772,0.880,0.424,0.424,0.000,0.859,0.523,0.939,5.579,0.924,0.781,0.924,0.084,0.424,0.781,878,SPIN1,SPIN1_878
0.748,0.836,0.446,0.446,0.000,0.824,0.516,1.112,5.619,0.894,0.714,0.894,0.159,0.446,0.714,881,SPIN1,SPIN1_881
0.765,0.843,0.512,0.512,0.000,0.828,0.550,0.907,4.170,0.896,0.786,0.896,0.111,0.512,0.786,915,SPIN1,SPIN1_915
0.793,0.864,0.621,0.621,0.000,0.837,0.590,0.871,4.142,0.904,0.730,0.904,0.156,0.621,0.730,921,SPIN1,SPIN1_921
0.744,0.832,0.429,0.429,0.000,0.823,0.498,1.160,5.689,0.893,0.744,0.893,0.101,0.429,0.744,938,SPIN1,SPIN1_938
0.747,0.843,0.439,0.439,0.000,0.824,0.459,1.002,6.228,0.905,0.774,0.905,0.102,0.439,0.774,957,SPIN1,SPIN1_957
0.811,0.885,0.616,0.616,0.000,0.860,0.639,0.748,3.619,0.914,0.836,0.914,0.131,0.616,0.836,960,SPIN1,SPIN1_960
0.779,0.867,0.560,0.560,0.000,0.834,0.556,0.908,3.776,0.915,0.715,0.915,0.159,0.560,0.715,97,SPIN1,SPIN1_97
0.794,0.877,0.587,0.587,0.000,0.846,0.583,0.691,2.907,0.914,0.830,0.914,0.140,0.587,0.830,977,SPIN1,SPIN1_977
0.835,0.889,0.760,0.760,0.000,0.853,0.648,0.705,2.061,0.913,0.720,0.913,0.371,0.760,0.720,983,SPIN1,SPIN1_983
0.722,0.832,0.372,0.372,0.000,0.809,0.423,1.080,7.342,0.910,0.717,0.910,0.097,0.372,0.717,995,SPIN1,SPIN1_995
